Original_item_id	Current_item_id
2858	0
260	1
1196	2
1210	3
480	4
2028	5
589	6
2571	7
1270	8
593	9
1580	10
1198	11
608	12
2762	13
110	14
2396	15
1197	16
527	17
1617	18
1265	19
1097	20
2628	21
2997	22
318	23
858	24
356	25
2716	26
296	27
1240	28
1	29
1214	30
2916	31
457	32
3578	33
1200	34
541	35
2987	36
1259	37
50	38
34	39
2791	40
780	41
3175	42
1193	43
919	44
924	45
1127	46
2355	47
1387	48
1221	49
912	50
1036	51
1213	52
1610	53
377	54
1291	55
2000	56
1136	57
3114	58
1307	59
1704	60
1721	61
1968	62
648	63
2599	64
3793	65
32	66
2174	67
2797	68
2918	69
2291	70
3471	71
590	72
2959	73
1374	74
1394	75
2683	76
592	77
1784	78
1573	79
1304	80
3418	81
223	82
380	83
2706	84
1225	85
1584	86
1527	87
3481	88
1923	89
2699	90
750	91
39	92
21	93
1393	94
2804	95
588	96
2406	97
1220	98
733	99
1230	100
3176	101
1961	102
3751	103
1079	104
3408	105
908	106
3623	107
1073	108
1356	109
3527	110
2700	111
1219	112
1247	113
1089	114
1544	115
1222	116
150	117
3753	118
111	119
2710	120
2657	121
357	122
1206	123
1094	124
2985	125
3147	126
2640	127
2395	128
3421	129
1517	130
1641	131
1278	132
1252	133
367	134
1358	135
1208	136
2100	137
1676	138
2529	139
2321	140
2011	141
920	142
2324	143
2012	144
1090	145
47	146
1500	147
1370	148
1954	149
1673	150
2194	151
2115	152
1376	153
587	154
364	155
3253	156
3671	157
1288	158
316	159
923	160
3160	161
1242	162
1917	163
736	164
3255	165
1294	166
1732	167
3361	168
1396	169
2763	170
1258	171
2302	172
3448	173
1653	174
1608	175
1391	176
2692	177
2455	178
3702	179
3081	180
2268	181
595	182
349	183
969	184
3256	185
904	186
1234	187
597	188
1674	189
2054	190
913	191
2081	192
3703	193
11	194
1377	195
2890	196
3755	197
1028	198
2001	199
1101	200
2968	201
2617	202
2407	203
1682	204
1372	205
1233	206
1266	207
1909	208
551	209
3897	210
3363	211
329	212
3052	213
1183	214
2353	215
539	216
2006	217
3072	218
25	219
2289	220
1408	221
474	222
2105	223
3552	224
1639	225
1552	226
788	227
440	228
3108	229
2712	230
1215	231
1282	232
6	233
1250	234
2336	235
2746	236
2770	237
1276	238
1207	239
36	240
1375	241
235	242
1080	243
1320	244
293	245
70	246
2248	247
1199	248
2470	249
1777	250
1912	251
3555	252
1747	253
903	254
2701	255
3033	256
2947	257
1876	258
10	259
1407	260
3210	261
1997	262
1179	263
3006	264
3499	265
1129	266
1035	267
1148	268
1625	269
3174	270
1748	271
2502	272
3107	273
3699	274
2080	275
1722	276
3948	277
3082	278
3608	279
1953	280
1246	281
2723	282
2915	283
2908	284
2641	285
2369	286
3039	287
3543	288
500	289
2424	290
2352	291
17	292
910	293
1204	294
1645	295
2108	296
165	297
454	298
1201	299
3510	300
1569	301
3809	302
1380	303
1597	304
3526	305
2167	306
3450	307
2393	308
2278	309
2427	310
1285	311
2002	312
368	313
2193	314
3101	315
2058	316
2064	317
1994	318
3354	319
1371	320
3624	321
2694	322
2021	323
2243	324
1060	325
2881	326
3424	327
2671	328
1690	329
153	330
2605	331
2003	332
2023	333
2490	334
2020	335
265	336
2948	337
1302	338
344	339
3362	340
785	341
3104	342
1267	343
594	344
1947	345
161	346
2366	347
3386	348
1513	349
778	350
899	351
1092	352
1965	353
2826	354
1231	355
2391	356
3396	357
1077	358
2872	359
1275	360
2288	361
1663	362
253	363
2094	364
353	365
292	366
1249	367
1333	368
1299	369
3698	370
2871	371
953	372
1729	373
2580	374
3489	375
3704	376
529	377
1466	378
2144	379
1244	380
2005	381
246	382
968	383
2124	384
2160	385
3148	386
2140	387
2944	388
266	389
300	390
1287	391
2359	392
2	393
3763	394
288	395
1263	396
2572	397
2161	398
1235	399
1262	400
2150	401
337	402
2145	403
3868	404
2688	405
3504	406
1343	407
1088	408
434	409
1084	410
104	411
16	412
543	413
141	414
3105	415
1093	416
708	417
1228	418
902	419
1188	420
586	421
2761	422
339	423
2405	424
1269	425
1339	426
1293	427
1918	428
3476	429
497	430
1831	431
3263	432
3247	433
1485	434
2078	435
1883	436
1952	437
231	438
555	439
2300	440
3863	441
745	442
3911	443
2076	444
1962	445
3638	446
208	447
2724	448
2949	449
2294	450
1272	451
441	452
3697	453
317	454
442	455
2329	456
3005	457
95	458
914	459
2527	460
1960	461
1957	462
2707	463
800	464
3535	465
1711	466
3591	467
2664	468
2019	469
3683	470
2273	471
3257	472
1959	473
2528	474
1805	475
2542	476
24	477
2616	478
2581	479
3100	480
2013	481
610	482
2539	483
1203	484
1037	485
852	486
1172	487
1921	488
3785	489
1373	490
653	491
2433	492
3070	493
509	494
1885	495
1562	496
198	497
3301	498
2371	499
471	500
2722	501
1256	502
2087	503
1271	504
3037	505
1292	506
3298	507
3360	508
2018	509
2501	510
3717	511
3740	512
2686	513
3044	514
898	515
2394	516
2333	517
1022	518
3273	519
1019	520
2109	521
466	522
866	523
1587	524
1095	525
112	526
185	527
2478	528
1029	529
1345	530
2717	531
2662	532
160	533
2085	534
2067	535
3113	536
832	537
173	538
1479	539
673	540
1378	541
1186	542
508	543
1296	544
3752	545
1253	546
3893	547
2541	548
2792	549
3060	550
1586	551
2976	552
3252	553
151	554
1967	555
553	556
3435	557
196	558
2795	559
1321	560
1357	561
1261	562
3098	563
3685	564
45	565
3300	566
3479	567
3614	568
2133	569
62	570
1779	571
1284	572
163	573
2046	574
3745	575
3524	576
3438	577
435	578
2598	579
1958	580
552	581
1042	582
1911	583
661	584
1032	585
3020	586
2384	587
2951	588
3095	589
3359	590
3157	591
1945	592
2863	593
342	594
3087	595
2423	596
350	597
1248	598
2245	599
2428	600
3264	601
2096	602
849	603
2642	604
2134	605
3178	606
1635	607
1956	608
2469	609
1982	610
3534	611
3701	612
2917	613
3654	614
838	615
58	616
485	617
1882	618
1476	619
596	620
1590	621
2137	622
3203	623
3317	624
3735	625
2126	626
1834	627
2420	628
2986	629
1589	630
162	631
1907	632
3536	633
2841	634
3635	635
3168	636
628	637
3173	638
3267	639
1104	640
2186	641
1441	642
3260	643
2454	644
1212	645
1059	646
2065	647
562	648
3827	649
3	650
3269	651
247	652
2421	653
524	654
2719	655
3246	656
1644	657
1591	658
3441	659
2463	660
1405	661
1678	662
2431	663
2912	664
1041	665
1223	666
1257	667
1694	668
1894	669
2088	670
2311	671
922	672
1566	673
345	674
2734	675
1680	676
3798	677
2533	678
410	679
1449	680
1385	681
3334	682
3639	683
786	684
2973	685
2735	686
3409	687
7	688
172	689
2313	690
1120	691
671	692
348	693
1717	694
3512	695
1254	696
1185	697
3730	698
3159	699
1955	700
1274	701
180	702
1347	703
1049	704
2788	705
3468	706
515	707
994	708
2739	709
1792	710
2805	711
3706	712
3016	713
3219	714
3358	715
2409	716
930	717
2926	718
933	719
2413	720
3545	721
2687	722
1297	723
647	724
2253	725
720	726
2116	727
3274	728
3916	729
379	730
3791	731
2450	732
1047	733
1081	734
3254	735
144	736
3186	737
3869	738
52	739
2759	740
3261	741
2966	742
1614	743
372	744
802	745
2728	746
1224	747
2989	748
916	749
3285	750
2009	751
2991	752
3035	753
3744	754
2713	755
3513	756
2335	757
1100	758
3617	759
2840	760
2375	761
585	762
303	763
748	764
909	765
2125	766
724	767
494	768
3019	769
1171	770
2622	771
2471	772
2378	773
3686	774
955	775
370	776
333	777
2485	778
2600	779
1350	780
3844	781
1135	782
2648	783
1124	784
3826	785
2993	786
2141	787
29	788
3259	789
1283	790
926	791
1103	792
2402	793
2410	794
1892	795
3551	796
1499	797
2857	798
3185	799
951	800
2403	801
2702	802
1616	803
1620	804
3083	805
3196	806
1409	807
1020	808
432	809
1801	810
2919	811
2672	812
783	813
2690	814
532	815
3507	816
19	817
2010	818
1754	819
3952	820
105	821
1298	822
1888	823
674	824
928	825
2334	826
224	827
784	828
1125	829
2990	830
2794	831
272	832
954	833
3156	834
2718	835
48	836
1411	837
517	838
1719	839
2053	840
2398	841
2015	842
3705	843
1459	844
164	845
2414	846
3068	847
1086	848
940	849
22	850
2808	851
2411	852
3836	853
520	854
905	855
2468	856
1061	857
1301	858
1091	859
2720	860
2004	861
2565	862
1078	863
1914	864
2301	865
1388	866
1379	867
3618	868
431	869
2139	870
1175	871
252	872
1556	873
2110	874
3250	875
1835	876
3508	877
915	878
2530	879
2247	880
3712	881
1920	882
1367	883
1944	884
1277	885
2118	886
1619	887
168	888
2942	889
145	890
2082	891
1344	892
2496	893
3525	894
3811	895
3201	896
1245	897
3397	898
327	899
3684	900
2532	901
1217	902
60	903
3668	904
2747	905
3088	906
2297	907
216	908
1327	909
3505	910
2143	911
1916	912
2416	913
3152	914
1518	915
2861	916
1810	917
3461	918
3633	919
3067	920
420	921
2146	922
3062	923
1693	924
1238	925
1537	926
3451	927
468	928
546	929
376	930
230	931
1603	932
3927	933
1950	934
232	935
2950	936
514	937
2112	938
2803	939
3000	940
2779	941
3615	942
2231	943
1096	944
805	945
1027	946
2340	947
3034	948
900	949
2474	950
3593	951
3398	952
2953	953
2995	954
3053	955
3249	956
3688	957
3258	958
531	959
799	960
3770	961
1334	962
1687	963
492	964
306	965
3155	966
2643	967
2312	968
3452	969
2390	970
2901	971
1300	972
222	973
3556	974
3271	975
2827	976
3071	977
3265	978
2262	979
236	980
1243	981
2376	982
2303	983
3681	984
3198	985
2467	986
880	987
1030	988
3244	989
3528	990
1672	991
170	992
1438	993
3494	994
2318	995
1031	996
1769	997
69	998
2819	999
125	1000
1268	1001
1126	1002
2921	1003
1974	1004
2971	1005
2282	1006
538	1007
3040	1008
741	1009
3328	1010
2111	1011
475	1012
2401	1013
2531	1014
44	1015
1303	1016
2367	1017
3146	1018
1260	1019
507	1020
1594	1021
2802	1022
678	1023
911	1024
1895	1025
2867	1026
3841	1027
2138	1028
3760	1029
3462	1030
3871	1031
2513	1032
3163	1033
1688	1034
934	1035
3566	1036
2348	1037
3949	1038
3802	1039
2130	1040
2072	1041
1381	1042
3484	1043
1702	1044
1964	1045
2567	1046
921	1047
1012	1048
2404	1049
2363	1050
1845	1051
535	1052
3189	1053
2346	1054
737	1055
314	1056
2476	1057
1237	1058
1884	1059
3388	1060
762	1061
493	1062
3355	1063
1429	1064
2132	1065
5	1066
412	1067
2338	1068
830	1069
3498	1070
3649	1071
1395	1072
2034	1073
3007	1074
481	1075
3308	1076
2518	1077
1025	1078
3243	1079
950	1080
942	1081
1009	1082
2946	1083
2875	1084
2322	1085
1588	1086
3733	1087
3316	1088
1488	1089
3129	1090
2153	1091
1033	1092
2889	1093
999	1094
2422	1095
534	1096
1286	1097
3812	1098
455	1099
2750	1100
261	1101
1701	1102
3576	1103
2456	1104
1416	1105
1422	1106
2613	1107
2764	1108
2961	1109
2287	1110
2941	1111
3873	1112
3917	1113
3467	1114
2117	1115
616	1116
3565	1117
2883	1118
1147	1119
1280	1120
2093	1121
1017	1122
3251	1123
3384	1124
3629	1125
707	1126
3061	1127
2412	1128
3548	1129
3429	1130
1057	1131
1969	1132
861	1133
2668	1134
319	1135
3099	1136
2517	1137
2505	1138
382	1139
3675	1140
971	1141
2815	1142
3477	1143
3307	1144
383	1145
3501	1146
3723	1147
952	1148
1189	1149
426	1150
1927	1151
2059	1152
361	1153
1970	1154
3469	1155
3708	1156
2155	1157
355	1158
3238	1159
1354	1160
1633	1161
2676	1162
1295	1163
1457	1164
2524	1165
2447	1166
3478	1167
1643	1168
3366	1169
1480	1170
2793	1171
2070	1172
663	1173
3208	1174
1833	1175
599	1176
2389	1177
1735	1178
428	1179
2822	1180
2083	1181
1342	1182
249	1183
3549	1184
2188	1185
3145	1186
1873	1187
2408	1188
158	1189
2457	1190
3153	1191
1013	1192
373	1193
351	1194
237	1195
1264	1196
107	1197
996	1198
2114	1199
446	1200
225	1201
2022	1202
965	1203
3169	1204
101	1205
3004	1206
1689	1207
1963	1208
3089	1209
3439	1210
3197	1211
366	1212
945	1213
2906	1214
1627	1215
2090	1216
1924	1217
3821	1218
3018	1219
516	1220
1021	1221
2459	1222
3700	1223
2772	1224
3788	1225
413	1226
3764	1227
3365	1228
2121	1229
3819	1230
1218	1231
3102	1232
273	1233
2374	1234
307	1235
41	1236
1010	1237
2120	1238
1971	1239
1211	1240
3741	1241
2922	1242
1227	1243
3861	1244
1541	1245
2796	1246
2089	1247
2249	1248
719	1249
1991	1250
362	1251
2859	1252
2135	1253
2644	1254
1348	1255
1542	1256
2240	1257
2372	1258
879	1259
3707	1260
836	1261
2316	1262
86	1263
1611	1264
1939	1265
2558	1266
233	1267
2583	1268
3783	1269
1015	1270
3742	1271
3882	1272
2122	1273
804	1274
2232	1275
281	1276
2203	1277
1431	1278
1007	1279
3213	1280
986	1281
3932	1282
2709	1283
1205	1284
1713	1285
1130	1286
2147	1287
1772	1288
2677	1289
1178	1290
1290	1291
89	1292
2745	1293
276	1294
450	1295
448	1296
1251	1297
3516	1298
1615	1299
1762	1300
605	1301
1226	1302
2279	1303
2379	1304
1931	1305
3179	1306
2736	1307
73	1308
3032	1309
2693	1310
2399	1311
3546	1312
3930	1313
3342	1314
3074	1315
2136	1316
1359	1317
3729	1318
3444	1319
42	1320
1023	1321
423	1322
2025	1323
2099	1324
338	1325
3194	1326
1783	1327
175	1328
2670	1329
3430	1330
1132	1331
1392	1332
2159	1333
3466	1334
2553	1335
1949	1336
3814	1337
3404	1338
207	1339
1683	1340
837	1341
256	1342
728	1343
2387	1344
2269	1345
193	1346
1461	1347
1340	1348
1281	1349
611	1350
1131	1351
464	1352
3030	1353
282	1354
2123	1355
3426	1356
949	1357
1973	1358
2929	1359
2357	1360
2568	1361
194	1362
2907	1363
1799	1364
2202	1365
3111	1366
2097	1367
1951	1368
688	1369
3347	1370
491	1371
280	1372
371	1373
1194	1374
186	1375
381	1376
1821	1377
2877	1378
3682	1379
3422	1380
1727	1381
3394	1382
1389	1383
1191	1384
1064	1385
322	1386
3852	1387
417	1388
3093	1389
2606	1390
537	1391
3097	1392
542	1393
3928	1394
2163	1395
931	1396
1752	1397
3754	1398
3022	1399
176	1400
2392	1401
1946	1402
798	1403
3204	1404
3296	1405
405	1406
533	1407
204	1408
203	1409
2236	1410
3248	1411
519	1412
308	1413
1734	1414
2142	1415
2259	1416
2344	1417
2729	1418
3825	1419
3270	1420
2033	1421
1665	1422
1972	1423
3910	1424
3125	1425
2806	1426
3420	1427
2574	1428
2208	1429
1976	1430
3676	1431
3519	1432
2107	1433
2866	1434
3801	1435
1948	1436
1753	1437
1966	1438
2038	1439
1173	1440
1862	1441
2439	1442
2102	1443
2171	1444
2380	1445
2266	1446
1983	1447
218	1448
3724	1449
477	1450
3135	1451
1279	1452
3066	1453
85	1454
122	1455
1648	1456
1099	1457
2042	1458
2473	1459
2870	1460
407	1461
88	1462
3515	1463
2176	1464
3766	1465
3769	1466
1760	1467
188	1468
3029	1469
3324	1470
1649	1471
1446	1472
918	1473
932	1474
2373	1475
818	1476
2615	1477
2551	1478
1866	1479
2448	1480
3440	1481
3521	1482
947	1483
1353	1484
938	1485
2320	1486
2731	1487
429	1488
157	1489
906	1490
2952	1491
2091	1492
2252	1493
3831	1494
2752	1495
2106	1496
490	1497
3710	1498
2891	1499
3786	1500
2377	1501
2550	1502
891	1503
374	1504
2060	1505
2052	1506
3594	1507
3877	1508
94	1509
3693	1510
1289	1511
1995	1512
1515	1513
147	1514
2504	1515
2014	1516
2429	1517
1785	1518
3926	1519
3646	1520
3326	1521
1660	1522
3268	1523
3896	1524
28	1525
2331	1526
2520	1527
2183	1528
415	1529
512	1530
3598	1531
76	1532
3835	1533
550	1534
504	1535
3500	1536
3341	1537
2162	1538
1848	1539
3090	1540
1730	1541
482	1542
2453	1543
3299	1544
3538	1545
3834	1546
2549	1547
2263	1548
3412	1549
1066	1550
574	1551
901	1552
3036	1553
742	1554
2381	1555
1346	1556
3387	1557
1209	1558
2328	1559
262	1560
3200	1561
1858	1562
2560	1563
765	1564
943	1565
3773	1566
2071	1567
1975	1568
2771	1569
3272	1570
4	1571
2497	1572
991	1573
277	1574
1128	1575
540	1576
2546	1577
1977	1578
3606	1579
2730	1580
1034	1581
1425	1582
154	1583
1414	1584
239	1585
3483	1586
1806	1587
290	1588
3177	1589
2206	1590
1797	1591
2349	1592
3918	1593
1913	1594
3506	1595
81	1596
2148	1597
3167	1598
46	1599
2846	1600
43	1601
427	1602
2789	1603
3634	1604
3134	1605
3784	1606
2852	1607
2555	1608
195	1609
1875	1610
1083	1611
2879	1612
2902	1613
2506	1614
2836	1615
2639	1616
2092	1617
3262	1618
3181	1619
2017	1620
2633	1621
1593	1622
1487	1623
1401	1624
2787	1625
3051	1626
2261	1627
946	1628
2936	1629
3024	1630
3190	1631
332	1632
2026	1633
2900	1634
2943	1635
215	1636
1840	1637
3325	1638
2798	1639
2442	1640
12	1641
20	1642
3550	1643
1361	1644
2043	1645
289	1646
2361	1647
1150	1648
2829	1649
18	1650
3660	1651
3392	1652
549	1653
1016	1654
2540	1655
419	1656
3672	1657
3789	1658
848	1659
1445	1660
1699	1661
3480	1662
3078	1663
3529	1664
502	1665
3266	1666
2077	1667
1082	1668
1707	1669
714	1670
14	1671
315	1672
2525	1673
511	1674
438	1675
892	1676
842	1677
473	1678
3364	1679
3771	1680
1794	1681
2382	1682
330	1683
2383	1684
3011	1685
518	1686
3653	1687
3728	1688
3727	1689
2732	1690
2816	1691
3747	1692
2024	1693
1453	1694
2119	1695
234	1696
1177	1697
2315	1698
2184	1699
3929	1700
1187	1701
3865	1702
2432	1703
2385	1704
2611	1705
1474	1706
15	1707
1050	1708
1273	1709
3079	1710
2935	1711
1464	1712
2041	1713
700	1714
1503	1715
782	1716
2166	1717
2629	1718
3879	1719
2296	1720
1468	1721
3405	1722
258	1723
2430	1724
3015	1725
709	1726
328	1727
459	1728
65	1729
3864	1730
3350	1731
299	1732
3503	1733
2370	1734
1005	1735
1863	1736
581	1737
3457	1738
694	1739
3689	1740
3091	1741
1483	1742
2575	1743
358	1744
436	1745
2354	1746
2956	1747
3385	1748
31	1749
2154	1750
267	1751
378	1752
2069	1753
637	1754
2475	1755
3063	1756
3028	1757
2492	1758
177	1759
2596	1760
140	1761
3445	1762
248	1763
1554	1764
3616	1765
3846	1766
2748	1767
1726	1768
548	1769
2554	1770
1306	1771
1419	1772
1014	1773
2365	1774
3054	1775
2612	1776
1836	1777
2660	1778
3889	1779
839	1780
2195	1781
2757	1782
3937	1783
1011	1784
558	1785
695	1786
2310	1787
1681	1788
3327	1789
3475	1790
2654	1791
3206	1792
135	1793
2851	1794
2924	1795
1992	1796
479	1797
2996	1798
1897	1799
556	1800
1190	1801
936	1802
1498	1803
2526	1804
1085	1805
829	1806
2048	1807
2561	1808
3120	1809
2726	1810
948	1811
3142	1812
2169	1813
2458	1814
2241	1815
3287	1816
3584	1817
1176	1818
2027	1819
1985	1820
544	1821
227	1822
2040	1823
2860	1824
1623	1825
3564	1826
100	1827
2212	1828
3436	1829
2068	1830
662	1831
2151	1832
2967	1833
1986	1834
360	1835
3571	1836
851	1837
3915	1838
1999	1839
1382	1840
305	1841
2443	1842
23	1843
2337	1844
1024	1845
1465	1846
2817	1847
2280	1848
3925	1849
3182	1850
547	1851
1484	1852
2498	1853
2170	1854
1018	1855
213	1856
761	1857
3604	1858
2436	1859
3690	1860
3286	1861
1938	1862
3225	1863
2828	1864
1003	1865
1390	1866
691	1867
1305	1868
3794	1869
2290	1870
3600	1871
801	1872
2364	1873
627	1874
74	1875
346	1876
3758	1877
810	1878
2325	1879
1804	1880
2888	1881
3554	1882
2500	1883
2535	1884
1942	1885
352	1886
2882	1887
2932	1888
3045	1889
2181	1890
3130	1891
199	1892
521	1893
2899	1894
3824	1895
2360	1896
523	1897
1658	1898
2460	1899
159	1900
3557	1901
1919	1902
2514	1903
1330	1904
123	1905
2491	1906
506	1907
257	1908
334	1909
1978	1910
79	1911
1904	1912
169	1913
2451	1914
1941	1915
1667	1916
1998	1917
3709	1918
3401	1919
2095	1920
2272	1921
312	1922
3725	1923
1979	1924
1363	1925
3936	1926
1996	1927
3840	1928
1592	1929
2975	1930
63	1931
2351	1932
1598	1933
1069	1934
2173	1935
2418	1936
3115	1937
1606	1938
2016	1939
2165	1940
1686	1941
1629	1942
229	1943
1043	1944
3330	1945
1855	1946
1366	1947
2988	1948
743	1949
2782	1950
2669	1951
575	1952
2940	1953
1935	1954
3627	1955
2066	1956
3807	1957
692	1958
451	1959
3901	1960
1192	1961
465	1962
393	1963
187	1964
425	1965
907	1966
3406	1967
1984	1968
941	1969
809	1970
2548	1971
2314	1972
3017	1973
2050	1974
886	1975
3923	1976
3767	1977
2937	1978
1824	1979
1399	1980
1535	1981
2149	1982
3599	1983
835	1984
2978	1985
3357	1986
781	1987
259	1988
9	1989
3872	1990
387	1991
1827	1992
2645	1993
2898	1994
2587	1995
2570	1996
2624	1997
1332	1998
3628	1999
3643	2000
1816	2001
1004	2002
3094	2003
735	2004
2051	2005
3799	2006
569	2007
26	2008
445	2009
190	2010
1432	2011
3946	2012
978	2013
2327	2014
766	2015
2920	2016
1362	2017
1758	2018
13	2019
1981	2020
126	2021
2435	2022
2927	2023
57	2024
2799	2025
3726	2026
897	2027
1051	2028
2182	2029
2495	2030
2970	2031
2903	2032
2239	2033
66	2034
489	2035
944	2036
1993	2037
3214	2038
1008	2039
388	2040
3544	2041
3943	2042
1162	2043
2356	2044
2519	2045
3497	2046
71	2047
3391	2048
2036	2049
2725	2050
2178	2051
2347	2052
1841	2053
3379	2054
501	2055
421	2056
2661	2057
3613	2058
1161	2059
1460	2060
3895	2061
1352	2062
1111	2063
1167	2064
3096	2065
456	2066
929	2067
181	2068
72	2069
998	2070
2634	2071
606	2072
171	2073
3076	2074
2472	2075
2084	2076
3619	2077
3662	2078
3509	2079
3908	2080
3275	2081
2330	2082
3470	2083
2807	2084
1788	2085
2969	2086
1184	2087
3217	2088
132	2089
2057	2090
1940	2091
1987	2092
2801	2093
1980	2094
725	2095
3678	2096
1046	2097
2306	2098
2856	2099
1647	2100
1236	2101
414	2102
1410	2103
650	2104
82	2105
3837	2106
2204	2107
3453	2108
416	2109
2862	2110
93	2111
2682	2112
92	2113
1526	2114
1661	2115
3502	2116
3077	2117
1605	2118
3715	2119
1646	2120
3399	2121
1216	2122
155	2123
1654	2124
2714	2125
3919	2126
2749	2127
458	2128
3720	2129
461	2130
302	2131
3370	2132
2721	2133
3046	2134
1621	2135
3713	2136
3590	2137
697	2138
205	2139
3431	2140
2488	2141
2437	2142
340	2143
1640	2144
927	2145
1600	2146
1929	2147
3622	2148
2521	2149
2265	2150
522	2151
2177	2152
3813	2153
2264	2154
2844	2155
3810	2156
1733	2157
3661	2158
2511	2159
2780	2160
3553	2161
973	2162
3859	2163
1936	2164
1670	2165
1454	2166
206	2167
613	2168
2651	2169
3055	2170
982	2171
3086	2172
2983	2173
1054	2174
2696	2175
3768	2176
1475	2177
174	2178
444	2179
1440	2180
1626	2181
2075	2182
275	2183
242	2184
3425	2185
64	2186
612	2187
2738	2188
2168	2189
117	2190
2255	2191
2113	2192
2522	2193
270	2194
833	2195
3230	2196
639	2197
1006	2198
1655	2199
3224	2200
3743	2201
1934	2202
3738	2203
1355	2204
2928	2205
2769	2206
1744	2207
2238	2208
3547	2209
635	2210
917	2211
3572	2212
881	2213
87	2214
2098	2215
1404	2216
2271	2217
2029	2218
1601	2219
424	2220
631	2221
191	2222
30	2223
3423	2224
2417	2225
764	2226
2267	2227
2295	2228
483	2229
2445	2230
1642	2231
3427	2232
3038	2233
1545	2234
3417	2235
3117	2236
3041	2237
3447	2238
2786	2239
2880	2240
3792	2241
1856	2242
3432	2243
1202	2244
3199	2245
2965	2246
408	2247
1870	2248
1442	2249
3340	2250
449	2251
365	2252
640	2253
2665	2254
3235	2255
1550	2256
3048	2257
935	2258
3669	2259
3732	2260
2275	2261
35	2262
3112	2263
3914	2264
3822	2265
3180	2266
2062	2267
1241	2268
2276	2269
3658	2270
2419	2271
2152	2272
893	2273
3746	2274
3858	2275
2905	2276
3075	2277
988	2278
2621	2279
3909	2280
1839	2281
505	2282
469	2283
152	2284
2607	2285
528	2286
2774	2287
3103	2288
8	2289
1881	2290
3579	2291
3487	2292
118	2293
609	2294
2874	2295
513	2296
615	2297
1599	2298
2974	2299
2609	2300
354	2301
3716	2302
453	2303
61	2304
3920	2305
2625	2306
156	2307
3118	2308
2582	2309
2073	2310
3511	2311
3138	2312
3491	2313
3211	2314
3823	2315
255	2316
3795	2317
3714	2318
3375	2319
3696	2320
2649	2321
2972	2322
2007	2323
3013	2324
1604	2325
3456	2326
3042	2327
1595	2328
3774	2329
217	2330
486	2331
1731	2332
437	2333
1337	2334
3109	2335
1456	2336
2597	2337
2589	2338
680	2339
1837	2340
1937	2341
3787	2342
1398	2343
2781	2344
1750	2345
1397	2346
1482	2347
271	2348
2784	2349
2868	2350
2446	2351
3368	2352
3514	2353
487	2354
2250	2355
2461	2356
1703	2357
3694	2358
3141	2359
2594	2360
363	2361
2656	2362
3459	2363
3679	2364
711	2365
580	2366
3310	2367
2790	2368
565	2369
326	2370
166	2371
2741	2372
1900	2373
3718	2374
321	2375
1943	2376
27	2377
3165	2378
2885	2379
2283	2380
1887	2381
3596	2382
806	2383
2434	2384
1582	2385
3150	2386
3857	2387
3064	2388
3577	2389
68	2390
102	2391
390	2392
759	2393
1581	2394
3496	2395
882	2396
2386	2397
3428	2398
1684	2399
2667	2400
1365	2401
3663	2402
959	2403
2818	2404
603	2405
2368	2406
2180	2407
369	2408
2425	2409
3692	2410
3806	2411
803	2412
2925	2413
2035	2414
3241	2415
3734	2416
422	2417
2753	2418
1523	2419
976	2420
3304	2421
670	2422
3127	2423
3833	2424
3372	2425
2835	2426
1326	2427
269	2428
2045	2429
1609	2430
3069	2431
577	2432
536	2433
3395	2434
1612	2435
747	2436
1746	2437
3947	2438
1336	2439
963	2440
2507	2441
313	2442
467	2443
2462	2444
2037	2445
268	2446
3664	2447
2210	2448
2285	2449
3518	2450
3950	2451
1255	2452
3188	2453
2751	2454
828	2455
1865	2456
990	2457
113	2458
2820	2459
2104	2460
3031	2461
3695	2462
3302	2463
2362	2464
2663	2465
1791	2466
1341	2467
1428	2468
2647	2469
1922	2470
779	2471
2939	2472
2499	2473
2190	2474
2515	2475
715	2476
1516	2477
3903	2478
209	2479
1232	2480
80	2481
3289	2482
2044	2483
1759	2484
896	2485
1756	2486
3605	2487
3393	2488
2652	2489
1988	2490
3416	2491
1869	2492
3008	2493
3128	2494
710	2495
1427	2496
964	2497
3790	2498
1650	2499
1180	2500
3620	2501
3414	2502
3655	2503
78	2504
1624	2505
99	2506
840	2507
2733	2508
1413	2509
1331	2510
1113	2511
1056	2512
3737	2513
1546	2514
499	2515
3602	2516
182	2517
3870	2518
3014	2519
2260	2520
1889	2521
870	2522
325	2523
1631	2524
3281	2525
409	2526
3144	2527
3626	2528
1447	2529
291	2530
309	2531
1472	2532
2697	2533
2573	2534
3371	2535
3433	2536
1497	2537
179	2538
2590	2539
2585	2540
1854	2541
433	2542
3318	2543
888	2544
3588	2545
498	2546
813	2547
1739	2548
463	2549
2708	2550
667	2551
3921	2552
668	2553
1896	2554
1771	2555
3674	2556
2440	2557
3680	2558
3839	2559
149	2560
2655	2561
731	2562
279	2563
2659	2564
3765	2565
1439	2566
3276	2567
2812	2568
2618	2569
347	2570
3320	2571
1571	2572
3677	2573
55	2574
240	2575
3898	2576
3284	2577
1925	2578
3719	2579
2977	2580
564	2581
2516	2582
3183	2583
472	2584
3808	2585
2341	2586
1860	2587
97	2588
1812	2589
3782	2590
1495	2591
2614	2592
3158	2593
875	2594
2237	2595
1525	2596
2479	2597
937	2598
1310	2599
2681	2600
1602	2601
1417	2602
885	2603
3454	2604
2876	2605
3849	2606
2284	2607
808	2608
3731	2609
1323	2610
301	2611
3945	2612
2345	2613
2286	2614
3804	2615
3367	2616
3339	2617
2400	2618
510	2619
2893	2620
2653	2621
2884	2622
2523	2623
704	2624
869	2625
294	2626
1507	2627
621	2628
495	2629
2477	2630
3838	2631
3133	2632
343	2633
1798	2634
2055	2635
3691	2636
2842	2637
1105	2638
2465	2639
3780	2640
54	2641
1910	2642
602	2643
2630	2644
2689	2645
2610	2646
116	2647
2704	2648
210	2649
2848	2650
335	2651
2810	2652
1563	2653
956	2654
2566	2655
391	2656
987	2657
3884	2658
1473	2659
3951	2660
3886	2661
1317	2662
3043	2663
2032	2664
3343	2665
3851	2666
1826	2667
278	2668
3739	2669
3912	2670
3632	2671
384	2672
2646	2673
3736	2674
3539	2675
3855	2676
3922	2677
488	2678
656	2679
3446	2680
2179	2681
1668	2682
3442	2683
846	2684
2744	2685
3816	2686
254	2687
3659	2688
3389	2689
3434	2690
460	2691
2307	2692
1867	2693
3132	2694
2982	2695
470	2696
452	2697
1669	2698
496	2699
3597	2700
1677	2701
3820	2702
1489	2703
970	2704
957	2705
2552	2706
1547	2707
2103	2708
2031	2709
3569	2710
2979	2711
3239	2712
121	2713
3049	2714
1829	2715
2049	2716
2536	2717
2638	2718
1329	2719
1415	2720
1932	2721
1169	2722
1551	2723
1508	2724
3021	2725
2620	2726
1564	2727
1809	2728
705	2729
3331	2730
3567	2731
476	2732
568	2733
1053	2734
1112	2735
3002	2736
3010	2737
1068	2738
1044	2739
2626	2740
665	2741
3667	2742
2323	2743
1351	2744
2481	2745
3759	2746
304	2747
2593	2748
1463	2749
2537	2750
211	2751
1119	2752
3449	2753
571	2754
77	2755
2878	2756
3610	2757
3805	2758
3124	2759
3537	2760
2637	2761
2650	2762
3110	2763
2205	2764
3390	2765
718	2766
324	2767
3073	2768
3311	2769
760	2770
1123	2771
984	2772
201	2773
3711	2774
83	2775
1825	2776
2766	2777
2886	2778
3240	2779
2847	2780
3143	2781
3900	2782
103	2783
753	2784
1926	2785
238	2786
1596	2787
3913	2788
1322	2789
3403	2790
1859	2791
320	2792
3906	2793
3520	2794
2711	2795
2894	2796
619	2797
1695	2798
2756	2799
2727	2800
2449	2801
3218	2802
1906	2803
1529	2804
447	2805
341	2806
2755	2807
2938	2808
2635	2809
1114	2810
2992	2811
746	2812
443	2813
1151	2814
2758	2815
3673	2816
862	2817
3587	2818
3612	2819
2849	2820
40	2821
1755	2822
3843	2823
2482	2824
1902	2825
1613	2826
3559	2827
685	2828
250	2829
3222	2830
2131	2831
386	2832
850	2833
202	2834
600	2835
3797	2836
418	2837
3580	2838
241	2839
2086	2840
1928	2841
2579	2842
183	2843
1844	2844
295	2845
3221	2846
3781	2847
484	2848
1152	2849
3122	2850
1312	2851
2778	2852
3400	2853
3223	2854
2813	2855
824	2856
583	2857
3934	2858
3942	2859
3540	2860
214	2861
2666	2862
2493	2863
3761	2864
1585	2865
263	2866
3586	2867
997	2868
2896	2869
2853	2870
462	2871
716	2872
38	2873
2864	2874
2577	2875
1696	2876
3845	2877
3319	2878
2945	2879
220	2880
297	2881
1583	2882
3338	2883
2426	2884
1477	2885
2559	2886
3938	2887
2494	2888
3329	2889
1874	2890
2339	2891
3531	2892
722	2893
2196	2894
3931	2895
49	2896
702	2897
1880	2898
2674	2899
3939	2900
184	2901
1063	2902
1767	2903
3885	2904
1572	2905
3568	2906
3562	2907
3573	2908
1490	2909
3924	2910
554	2911
3665	2912
2187	2913
2441	2914
659	2915
3349	2916
392	2917
2678	2918
1328	2919
2305	2920
2483	2921
3830	2922
3171	2923
841	2924
1496	2925
2293	2926
2767	2927
2128	2928
2785	2929
3106	2930
2586	2931
1814	2932
3847	2933
3309	2934
3473	2935
3192	2936
274	2937
767	2938
3902	2939
430	2940
3874	2941
1857	2942
1533	2943
867	2944
1679	2945
2256	2946
1511	2947
478	2948
1406	2949
3721	2950
877	2951
3776	2952
1458	2953
3306	2954
3756	2955
2743	2956
961	2957
3935	2958
148	2959
298	2960
1325	2961
3415	2962
669	2963
1725	2964
1076	2965
570	2966
3345	2967
2843	2968
1067	2969
2737	2970
1570	2971
2397	2972
3402	2973
1426	2974
967	2975
2047	2976
2800	2977
3941	2978
1879	2979
2873	2980
3749	2981
1421	2982
1728	2983
3488	2984
1455	2985
2715	2986
1671	2987
1324	2988
219	2989
2189	2990
287	2991
84	2992
1437	2993
1509	2994
876	2995
1933	2996
573	2997
525	2998
3162	2999
1335	3000
1822	3001
331	3002
3894	3003
3670	3004
2837	3005
2074	3006
3832	3007
1893	3008
2227	3009
3532	3010
2292	3011
633	3012
3464	3013
2157	3014
960	3015
645	3016
1632	3017
831	3018
3092	3019
1666	3020
2809	3021
2865	3022
3854	3023
1662	3024
3637	3025
1000	3026
1412	3027
2158	3028
3344	3029
992	3030
2164	3031
3775	3032
3848	3033
2897	3034
1692	3035
1846	3036
1657	3037
2201	3038
2691	3039
389	3040
3862	3041
3313	3042
178	3043
336	3044
3585	3045
1055	3046
638	3047
2512	3048
3161	3049
1163	3050
626	3051
2211	3052
1549	3053
2452	3054
1494	3055
359	3056
2350	3057
1770	3058
771	3059
2544	3060
3121	3061
146	3062
251	3063
3465	3064
3047	3065
3645	3066
2175	3067
283	3068
2056	3069
2834	3070
1168	3071
2509	3072
3880	3073
394	3074
1087	3075
1501	3076
617	3077
2913	3078
2904	3079
1807	3080
2963	3081
3139	3082
2740	3083
3490	3084
375	3085
1651	3086
1853	3087
1170	3088
2185	3089
1493	3090
3574	3091
2923	3092
2257	3093
563	3094
1116	3095
2534	3096
197	3097
3644	3098
1565	3099
3757	3100
3474	3101
3933	3102
649	3103
3625	3104
3860	3105
131	3106
1990	3107
974	3108
3137	3109
3333	3110
3050	3111
1504	3112
1144	3113
3817	3114
2415	3115
751	3116
2008	3117
3351	3118
2388	3119
681	3120
2298	3121
3374	3122
3940	3123
3611	3124
3883	3125
1989	3126
2981	3127
1154	3128
1574	3129
189	3130
2101	3131
3283	3132
1520	3133
1450	3134
1349	3135
3581	3136
2824	3137
1423	3138
2627	3139
1153	3140
124	3141
807	3142
2079	3143
1656	3144
212	3145
3025	3146
2773	3147
1575	3148
2246	3149
2775	3150
3492	3151
1898	3152
567	3153
1715	3154
503	3155
1313	3156
561	3157
754	3158
129	3159
2998	3160
3853	3161
1502	3162
1811	3163
137	3164
3796	3165
2768	3166
632	3167
119	3168
3563	3169
958	3170
2636	3171
228	3172
96	3173
411	3174
2466	3175
1793	3176
3850	3177
3642	3178
1850	3179
2776	3180
1121	3181
3419	3182
566	3183
3640	3184
3437	3185
3867	3186
3335	3187
75	3188
1817	3189
2754	3190
3878	3191
3058	3192
2892	3193
1117	3194
3495	3195
925	3196
397	3197
106	3198
200	3199
2545	3200
2326	3201
2215	3202
864	3203
128	3204
769	3205
2964	3206
1539	3207
2830	3208
2695	3209
1531	3210
3777	3211
1743	3212
1058	3213
2281	3214
1383	3215
2854	3216
114	3217
2658	3218
939	3219
2197	3220
2914	3221
1864	3222
1038	3223
245	3224
3116	3225
1675	3226
962	3227
2221	3228
2632	3229
1878	3230
2342	3231
3215	3232
863	3233
3282	3234
793	3235
2994	3236
2855	3237
2219	3238
243	3239
1749	3240
2931	3241
1899	3242
3892	3243
3463	3244
385	3245
860	3246
244	3247
3570	3248
2191	3249
2675	3250
2962	3251
3012	3252
2209	3253
703	3254
3486	3255
1872	3256
2839	3257
1181	3258
2783	3259
1891	3260
2569	3261
811	3262
652	3263
755	3264
726	3265
2933	3266
993	3267
3410	3268
56	3269
3648	3270
2486	3271
3944	3272
1567	3273
614	3274
3803	3275
2156	3276
3149	3277
3636	3278
2503	3279
618	3280
1436	3281
2562	3282
2984	3283
775	3284
3140	3285
664	3286
3154	3287
1780	3288
3592	3289
854	3290
1002	3291
2063	3292
406	3293
2464	3294
1782	3295
1026	3296
136	3297
2200	3298
2129	3299
3026	3300
59	3301
3523	3302
2332	3303
2317	3304
37	3305
598	3306
2234	3307
53	3308
526	3309
3003	3310
2814	3311
2831	3312
3905	3313
3641	3314
1444	3315
560	3316
2207	3317
874	3318
1522	3319
630	3320
1890	3321
1543	3322
844	3323
2673	3324
1659	3325
1720	3326
2850	3327
1311	3328
3891	3329
2760	3330
2304	3331
2061	3332
1514	3333
2244	3334
2487	3335
1486	3336
2192	3337
2705	3338
2765	3339
2911	3340
1138	3341
108	3342
1849	3343
847	3344
1718	3345
1420	3346
3818	3347
3533	3348
3027	3349
3056	3350
3001	3351
2242	3352
3292	3353
98	3354
2602	3355
1903	3356
3866	3357
310	3358
972	3359
3657	3360
3303	3361
3778	3362
1685	3363
1538	3364
815	3365
1534	3366
3666	3367
1384	3368
1532	3369
3166	3370
966	3371
1519	3372
732	3373
2833	3374
90	3375
1160	3376
1930	3377
2679	3378
3245	3379
1741	3380
1796	3381
1471	3382
1664	3383
3346	3384
1164	3385
3293	3386
3875	3387
2631	3388
3232	3389
1040	3390
3184	3391
1901	3392
2538	3393
1622	3394
1636	3395
980	3396
167	3397
1071	3398
559	3399
1174	3400
1098	3401
1369	3402
1433	3403
2233	3404
264	3405
2557	3406
2608	3407
698	3408
3652	3409
2444	3410
2934	3411
2930	3412
3207	3413
2777	3414
3443	3415
1102	3416
1871	3417
776	3418
67	3419
2999	3420
2685	3421
834	3422
2825	3423
3314	3424
3378	3425
2960	3426
1561	3427
2578	3428
33	3429
1149	3430
2172	3431
985	3432
2127	3433
2358	3434
682	3435
823	3436
1877	3437
696	3438
3322	3439
3887	3440
1652	3441
2887	3442
3876	3443
1553	3444
3595	3445
3288	3446
2299	3447
1886	3448
749	3449
3472	3450
2955	3451
2823	3452
757	3453
981	3454
3609	3455
2623	3456
820	3457
3205	3458
756	3459
404	3460
1861	3461
634	3462
687	3463
787	3464
3187	3465
3119	3466
2869	3467
3407	3468
3575	3469
734	3470
2510	3471
3482	3472
3126	3473
3772	3474
729	3475
2576	3476
1315	3477
3380	3478
643	3479
853	3480
666	3481
796	3482
3216	3483
3621	3484
2821	3485
623	3486
3899	3487
3136	3488
3522	3489
1107	3490
3352	3491
3242	3492
3373	3493
120	3494
2223	3495
3762	3496
3631	3497
3603	3498
3800	3499
3123	3500
1039	3501
744	3502
1062	3503
1795	3504
1773	3505
1133	3506
578	3507
1558	3508
2251	3509
821	3510
672	3511
895	3512
3542	3513
192	3514
887	3515
401	3516
3131	3517
3305	3518
3888	3519
1548	3520
1360	3521
1364	3522
3601	3523
789	3524
3294	3525
3493	3526
3828	3527
1142	3528
1145	3529
3687	3530
1510	3531
1787	3532
884	3533
3748	3534
1528	3535
2591	3536
690	3537
3295	3538
3377	3539
557	3540
3353	3541
657	3542
582	3543
3057	3544
130	3545
706	3546
1851	3547
889	3548
679	3549
3381	3550
1555	3551
791	3552
3233	3553
1139	3554
975	3555
572	3556
1905	3557
2258	3558
977	3559
3413	3560
3236	3561
827	3562
2811	3563
607	3564
660	3565
712	3566
3212	3567
3337	3568
138	3569
530	3570
1070	3571
3336	3572
1134	3573
3228	3574
3651	3575
3085	3576
134	3577
2480	3578
1842	3579
3084	3580
2309	3581
1434	3582
3485	3583
2543	3584
591	3585
2198	3586
2895	3587
2343	3588
3517	3589
439	3590
1868	3591
3280	3592
826	3593
717	3594
774	3595
658	3596
1579	3597
576	3598
545	3599
3647	3600
792	3601
2556	3602
814	3603
3209	3604
730	3605
758	3606
2619	3607
3722	3608
2563	3609
2235	3610
2277	3611
3220	3612
1630	3613
1852	3614
1115	3615
1118	3616
601	3617
644	3618
1386	3619
3312	3620
3321	3621
1908	3622
2584	3623
2742	3624
684	3625
3277	3626
3458	3627
1815	3628
398	3629
989	3630
2592	3631
3890	3632
2039	3633
642	3634
3297	3635
139	3636
1915	3637
1714	3638
3881	3639
1470	3640
872	3641
3779	3642
1430	3643
1724	3644
3237	3645
3065	3646
3842	3647
2213	3648
2217	3649
3376	3650
311	3651
396	3652
584	3653
1820	3654
701	3655
2214	3656
763	3657
3229	3658
843	3659
3460	3660
133	3661
3290	3662
1709	3663
3164	3664
1832	3665
2218	3666
2308	3667
624	3668
3656	3669
2438	3670
3323	3671
127	3672
3382	3673
1843	3674
286	3675
3530	3676
2703	3677
2845	3678
2909	3679
1165	3680
865	3681
3291	3682
402	3683
3151	3684
641	3685
3904	3686
579	3687
2484	3688
651	3689
859	3690
142	3691
1764	3692
2254	3693
2226	3694
655	3695
790	3696
1830	3697
3172	3698
3202	3699
868	3700
1316	3701
878	3702
226	3703
3315	3704
3607	3705
