Original_user_id	Current_user_id
4169	0
1680	1
4277	2
1941	3
1181	4
889	5
3618	6
2063	7
1150	8
1015	9
5795	10
4344	11
1980	12
2909	13
1449	14
4510	15
424	16
4227	17
5831	18
3391	19
3841	20
4508	21
1088	22
5367	23
3808	24
549	25
1285	26
3224	27
3539	28
4543	29
5643	30
1448	31
752	32
3032	33
3824	34
524	35
4448	36
4064	37
4725	38
1010	39
5954	40
678	41
1447	42
4447	43
2116	44
550	45
1605	46
3526	47
1698	48
1880	49
1912	50
3778	51
3292	52
4808	53
4425	54
1019	55
3507	56
3311	57
2181	58
881	59
6016	60
2015	61
2106	62
2820	63
4647	64
5812	65
6036	66
710	67
4312	68
1647	69
4979	70
2777	71
5026	72
2304	73
4386	74
352	75
5046	76
531	77
1676	78
1051	79
2507	80
3163	81
3626	82
5100	83
1958	84
2907	85
3675	86
5394	87
5636	88
4041	89
869	90
1733	91
5333	92
3401	93
5614	94
3272	95
4085	96
2665	97
3067	98
482	99
5256	100
5788	101
3471	102
195	103
1383	104
3829	105
3792	106
4238	107
5627	108
2529	109
1340	110
5111	111
1317	112
1613	113
2857	114
216	115
1635	116
3705	117
2793	118
302	119
3650	120
4682	121
1837	122
4482	123
1425	124
1737	125
839	126
1835	127
1632	128
4083	129
1579	130
4021	131
245	132
329	133
3029	134
5074	135
770	136
1899	137
1117	138
1451	139
2109	140
5880	141
4957	142
4387	143
3999	144
1203	145
5605	146
1120	147
4140	148
2010	149
3410	150
5387	151
2092	152
2544	153
3821	154
4048	155
1422	156
3491	157
1266	158
5433	159
5511	160
509	161
319	162
2986	163
5220	164
5312	165
5054	166
1264	167
1470	168
3768	169
3308	170
1884	171
3476	172
5916	173
660	174
3934	175
4089	176
1812	177
4728	178
3610	179
2878	180
984	181
4579	182
3589	183
4305	184
4732	185
53	186
1354	187
2077	188
3562	189
1943	190
1112	191
4016	192
1303	193
5763	194
699	195
543	196
202	197
3842	198
3681	199
3336	200
721	201
3519	202
3312	203
4033	204
3483	205
1741	206
1897	207
5530	208
3884	209
1194	210
3280	211
2073	212
5015	213
731	214
4186	215
4802	216
1671	217
411	218
4354	219
5536	220
877	221
3823	222
5550	223
692	224
855	225
5306	226
1988	227
2453	228
2124	229
3285	230
3648	231
3182	232
2962	233
148	234
1889	235
2934	236
3475	237
4867	238
1207	239
5888	240
1242	241
1780	242
4054	243
1298	244
1764	245
3929	246
1465	247
2012	248
3018	249
4411	250
1069	251
123	252
5682	253
3942	254
5107	255
438	256
1920	257
5878	258
48	259
1068	260
1496	261
3693	262
149	263
2887	264
4345	265
533	266
1274	267
5996	268
3885	269
1748	270
3683	271
5504	272
5675	273
1926	274
331	275
3724	276
2030	277
528	278
1125	279
1224	280
5759	281
5493	282
1246	283
3389	284
3118	285
1675	286
1050	287
1137	288
5747	289
1749	290
3834	291
173	292
5501	293
4578	294
3320	295
3462	296
5011	297
308	298
1333	299
1611	300
2041	301
4658	302
850	303
1587	304
2537	305
169	306
1701	307
1639	308
3080	309
1599	310
5824	311
970	312
5964	313
5555	314
2484	315
1778	316
1983	317
4819	318
5113	319
4007	320
5329	321
1244	322
4408	323
5317	324
1501	325
3576	326
2203	327
3261	328
4028	329
4506	330
2288	331
566	332
5837	333
1962	334
3945	335
2102	336
3916	337
5686	338
2402	339
2223	340
2419	341
4673	342
2967	343
3054	344
4271	345
5738	346
192	347
911	348
3189	349
1645	350
1017	351
1377	352
2638	353
1202	354
5522	355
1101	356
1974	357
948	358
1969	359
2105	360
4115	361
4285	362
5755	363
163	364
1727	365
1059	366
2895	367
4771	368
461	369
780	370
1712	371
2496	372
3836	373
5359	374
1260	375
2205	376
4715	377
225	378
1100	379
2860	380
3265	381
1284	382
4948	383
802	384
854	385
6000	386
117	387
2753	388
1851	389
4607	390
3129	391
4058	392
777	393
3518	394
5163	395
3031	396
4053	397
4497	398
1667	399
2457	400
62	401
934	402
1128	403
2376	404
4472	405
3425	406
3940	407
3825	408
5886	409
3180	410
3503	411
4279	412
1489	413
5684	414
5070	415
5689	416
392	417
1297	418
2627	419
3641	420
3108	421
3878	422
4335	423
5268	424
2761	425
3371	426
272	427
1004	428
264	429
4318	430
4591	431
5539	432
702	433
651	434
3807	435
2996	436
3892	437
5621	438
412	439
4950	440
3313	441
4352	442
151	443
284	444
2020	445
2164	446
3416	447
4823	448
5289	449
3771	450
3013	451
4480	452
4879	453
1141	454
757	455
1842	456
4167	457
3590	458
1306	459
1356	460
1584	461
2946	462
796	463
1861	464
3727	465
5153	466
749	467
3469	468
4161	469
4388	470
1164	471
3963	472
2383	473
5172	474
2643	475
588	476
1794	477
3380	478
1628	479
2172	480
4958	481
3992	482
4422	483
2018	484
204	485
3201	486
3967	487
4042	488
4478	489
2841	490
1968	491
1172	492
3729	493
4381	494
2237	495
2592	496
5787	497
2088	498
235	499
2038	500
5744	501
2743	502
58	503
3499	504
3569	505
5972	506
2231	507
3669	508
1883	509
5950	510
1752	511
4001	512
4079	513
476	514
3620	515
92	516
1685	517
1758	518
1922	519
2244	520
2611	521
3847	522
5005	523
157	524
2436	525
5271	526
146	527
2899	528
746	529
963	530
1717	531
4489	532
5077	533
442	534
2872	535
4473	536
714	537
1776	538
4446	539
2446	540
2279	541
2928	542
4887	543
5090	544
355	545
669	546
187	547
1836	548
4022	549
1586	550
2854	551
3756	552
2251	553
3762	554
4517	555
5580	556
655	557
999	558
1389	559
4458	560
166	561
1329	562
3546	563
3769	564
5854	565
2180	566
3512	567
3900	568
4784	569
5848	570
3051	571
3713	572
3751	573
4055	574
5749	575
2380	576
3191	577
3430	578
4708	579
2188	580
975	581
1369	582
1530	583
2796	584
3509	585
4653	586
4904	587
673	588
2581	589
4088	590
4150	591
4964	592
5567	593
199	594
765	595
10	596
696	597
2810	598
3690	599
5000	600
26	601
639	602
4258	603
4897	604
2225	605
2340	606
2737	607
5443	608
5978	609
817	610
1658	611
1694	612
5948	613
1211	614
1666	615
2489	616
2847	617
1119	618
3259	619
4213	620
4322	621
453	622
1600	623
4523	624
5131	625
5779	626
735	627
1687	628
4663	629
716	630
1087	631
3557	632
3716	633
4156	634
5458	635
33	636
1916	637
676	638
4786	639
1124	640
935	641
4884	642
5319	643
5397	644
5428	645
2918	646
3521	647
4626	648
587	649
1757	650
4217	651
5468	652
1322	653
3081	654
3208	655
3679	656
3850	657
4379	658
5717	659
3422	660
1426	661
1726	662
4490	663
5492	664
198	665
326	666
3621	667
136	668
1146	669
2752	670
4637	671
4790	672
5955	673
637	674
1001	675
2994	676
5475	677
2888	678
5523	679
4049	680
5482	681
1140	682
4303	683
601	684
2098	685
5140	686
624	687
4404	688
4816	689
3464	690
3600	691
5108	692
3082	693
4611	694
949	695
1243	696
1755	697
3971	698
4535	699
5042	700
2664	701
5722	702
2456	703
4183	704
2168	705
1182	706
4116	707
4748	708
338	709
2929	710
3017	711
3300	712
3454	713
3547	714
1173	715
1279	716
3773	717
5039	718
1609	719
2941	720
2258	721
3327	722
4126	723
301	724
1058	725
2129	726
2590	727
3026	728
3550	729
3592	730
1998	731
4995	732
5205	733
5847	734
929	735
3367	736
261	737
1697	738
2764	739
3125	740
3624	741
4666	742
5364	743
5720	744
2153	745
5754	746
1904	747
36	748
3411	749
3957	750
3993	751
4139	752
5448	753
1624	754
2776	755
2840	756
3217	757
4107	758
5767	759
937	760
1699	761
3746	762
429	763
563	764
4488	765
1556	766
3365	767
922	768
1265	769
1546	770
2679	771
2926	772
3227	773
4655	774
2995	775
4796	776
5543	777
5568	778
6040	779
3726	780
5519	781
1790	782
955	783
1875	784
4253	785
5249	786
1034	787
4224	788
2567	789
3271	790
1053	791
2054	792
2807	793
6002	794
1273	795
1865	796
3314	797
5841	798
1147	799
2016	800
2334	801
4675	802
5345	803
1404	804
2242	805
4932	806
5852	807
2583	808
3709	809
3985	810
5786	811
2913	812
3402	813
2271	814
4928	815
4972	816
5890	817
791	818
957	819
3603	820
4704	821
4837	822
5667	823
798	824
4250	825
5142	826
919	827
1746	828
2411	829
2748	830
3394	831
6007	832
4375	833
1930	834
3216	835
3998	836
4112	837
4260	838
4502	839
5269	840
5371	841
899	842
3140	843
4829	844
5728	845
3012	846
4062	847
4406	848
4680	849
2131	850
4585	851
5450	852
368	853
2896	854
3441	855
5156	856
1113	857
3887	858
5047	859
474	860
1505	861
2232	862
2641	863
3487	864
3816	865
4086	866
4418	867
4736	868
175	869
293	870
1820	871
3128	872
3423	873
5112	874
5472	875
6010	876
687	877
3715	878
3760	879
2156	880
2621	881
3997	882
4122	883
5161	884
5698	885
520	886
1484	887
1591	888
1696	889
3853	890
4635	891
5650	892
271	893
631	894
1086	895
1395	896
3833	897
4951	898
5517	899
3513	900
1693	901
3301	902
4124	903
4268	904
1077	905
1390	906
3001	907
3859	908
4009	909
824	910
1151	911
2100	912
2303	913
5277	914
5811	915
5961	916
1335	917
1457	918
3685	919
4981	920
5222	921
1592	922
1767	923
2624	924
18	925
1925	926
3196	927
3205	928
4470	929
4568	930
5103	931
23	932
3044	933
3688	934
3754	935
5091	936
5182	937
5273	938
4328	939
4373	940
4788	941
3299	942
3691	943
3695	944
4562	945
4933	946
5570	947
5615	948
181	949
2454	950
2504	951
3735	952
4918	953
5184	954
2264	955
2565	956
3110	957
3558	958
3780	959
4026	960
4593	961
5282	962
5365	963
5634	964
2389	965
3453	966
3717	967
3976	968
4888	969
5699	970
5874	971
2211	972
2786	973
2900	974
5654	975
22	976
45	977
161	978
343	979
409	980
744	981
1301	982
1509	983
2173	984
3087	985
3414	986
4310	987
996	988
3158	989
5087	990
5426	991
131	992
1937	993
4430	994
516	995
2700	996
4560	997
5794	998
314	999
1542	1000
1860	1001
2185	1002
2818	1003
3412	1004
4287	1005
5956	1006
822	1007
1516	1008
2186	1009
558	1010
5283	1011
2472	1012
3965	1013
4384	1014
5576	1015
1121	1016
2047	1017
3520	1018
3652	1019
4215	1020
4524	1021
5250	1022
1399	1023
5321	1024
5762	1025
604	1026
1793	1027
2478	1028
2771	1029
3055	1030
5664	1031
445	1032
1418	1033
2023	1034
5915	1035
5990	1036
801	1037
4298	1038
4520	1039
4869	1040
5083	1041
5239	1042
402	1043
1272	1044
1753	1045
1803	1046
2781	1047
4940	1048
5452	1049
5526	1050
346	1051
1291	1052
1984	1053
2293	1054
4726	1055
5198	1056
5265	1057
712	1058
1325	1059
2645	1060
2670	1061
3065	1062
3654	1063
5300	1064
5185	1065
403	1066
2731	1067
4834	1068
5463	1069
5881	1070
5981	1071
6035	1072
1130	1073
1263	1074
1343	1075
1420	1076
1434	1077
1891	1078
4505	1079
1184	1080
2634	1081
4390	1082
5412	1083
5556	1084
2774	1085
4261	1086
4451	1087
1193	1088
1607	1089
2576	1090
4942	1091
808	1092
3868	1093
1714	1094
242	1095
1502	1096
2880	1097
3328	1098
1503	1099
2085	1100
2629	1101
4484	1102
5178	1103
5575	1104
415	1105
1626	1106
3121	1107
3309	1108
3578	1109
4785	1110
6025	1111
698	1112
3101	1113
4094	1114
4789	1115
5305	1116
5645	1117
2323	1118
3579	1119
3718	1120
5792	1121
349	1122
1096	1123
5096	1124
5124	1125
5663	1126
3393	1127
4765	1128
454	1129
800	1130
3658	1131
3770	1132
4078	1133
5084	1134
5600	1135
5771	1136
2042	1137
2208	1138
3075	1139
5002	1140
5065	1141
2566	1142
2826	1143
3946	1144
4609	1145
5623	1146
1142	1147
1879	1148
2526	1149
3056	1150
5347	1151
5553	1152
5630	1153
5872	1154
3585	1155
4889	1156
268	1157
1294	1158
2060	1159
2378	1160
2990	1161
3910	1162
4193	1163
386	1164
1631	1165
2050	1166
3607	1167
4362	1168
4600	1169
5281	1170
366	1171
1040	1172
3561	1173
4337	1174
5780	1175
238	1176
1170	1177
1483	1178
1902	1179
2195	1180
2247	1181
2683	1182
4946	1183
223	1184
1029	1185
2024	1186
2056	1187
2541	1188
4060	1189
4356	1190
5376	1191
19	1192
73	1193
1552	1194
2148	1195
646	1196
1616	1197
1759	1198
2462	1199
4072	1200
4750	1201
5604	1202
6003	1203
518	1204
846	1205
1230	1206
1380	1207
1491	1208
1524	1209
2059	1210
3970	1211
4800	1212
4956	1213
5488	1214
1466	1215
1800	1216
4024	1217
840	1218
1228	1219
1952	1220
2506	1221
3651	1222
4791	1223
5418	1224
300	1225
727	1226
2901	1227
4742	1228
5035	1229
2824	1230
4220	1231
4360	1232
4754	1233
5809	1234
475	1235
2011	1236
2064	1237
4207	1238
5018	1239
5453	1240
5558	1241
904	1242
1854	1243
2485	1244
3283	1245
4302	1246
4865	1247
5323	1248
5677	1249
139	1250
4899	1251
5369	1252
5585	1253
255	1254
2445	1255
3490	1256
5434	1257
1392	1258
4531	1259
4852	1260
193	1261
591	1262
713	1263
2261	1264
3363	1265
5569	1266
2691	1267
4437	1268
4906	1269
5349	1270
5512	1271
621	1272
977	1273
1473	1274
4005	1275
4204	1276
4747	1277
426	1278
2756	1279
3007	1280
3356	1281
4096	1282
4898	1283
5957	1284
2071	1285
3159	1286
4917	1287
5302	1288
457	1289
570	1290
629	1291
4831	1292
5826	1293
327	1294
2263	1295
1218	1296
1255	1297
2465	1298
2837	1299
3353	1300
3378	1301
4729	1302
5840	1303
781	1304
1179	1305
1299	1306
3953	1307
4821	1308
6001	1309
720	1310
1168	1311
1472	1312
1643	1313
2230	1314
2873	1315
2916	1316
3931	1317
5974	1318
150	1319
556	1320
1641	1321
2265	1322
2368	1323
2414	1324
3246	1325
3358	1326
4507	1327
5082	1328
42	1329
647	1330
1358	1331
4407	1332
5053	1333
5599	1334
5922	1335
1597	1336
3209	1337
3961	1338
5917	1339
2051	1340
2090	1341
2125	1342
2259	1343
2599	1344
2676	1345
3243	1346
3346	1347
4342	1348
4521	1349
5765	1350
551	1351
890	1352
1314	1353
1617	1354
2608	1355
3260	1356
5466	1357
5653	1358
333	1359
981	1360
1841	1361
2029	1362
3529	1363
4077	1364
4269	1365
4436	1366
4824	1367
3689	1368
3989	1369
4141	1370
90	1371
398	1372
2031	1373
2165	1374
3588	1375
4014	1376
5001	1377
5845	1378
118	1379
774	1380
1219	1381
2395	1382
2931	1383
4013	1384
4592	1385
4705	1386
310	1387
891	1388
971	1389
1387	1390
1882	1391
2540	1392
2681	1393
5761	1394
5838	1395
321	1396
2167	1397
4815	1398
1209	1399
1221	1400
1939	1401
2110	1402
2825	1403
4556	1404
5085	1405
5483	1406
5806	1407
5843	1408
93	1409
546	1410
1845	1411
2848	1412
3167	1413
3420	1414
3643	1415
5413	1416
1362	1417
2145	1418
2222	1419
2684	1420
3704	1421
4656	1422
4855	1423
5350	1424
5390	1425
5561	1426
5620	1427
753	1428
2026	1429
2668	1430
3024	1431
3400	1432
737	1433
973	1434
1545	1435
3981	1436
4953	1437
4962	1438
3665	1439
5927	1440
1960	1441
2649	1442
3069	1443
3612	1444
4343	1445
390	1446
1806	1447
2680	1448
3504	1449
4937	1450
5136	1451
5340	1452
59	1453
1216	1454
1339	1455
1650	1456
2166	1457
3112	1458
4779	1459
4980	1460
229	1461
928	1462
1928	1463
2589	1464
3138	1465
3143	1466
3178	1467
3673	1468
4457	1469
5225	1470
5234	1471
5287	1472
5716	1473
5980	1474
17	1475
477	1476
1367	1477
1802	1478
2765	1479
3147	1480
3418	1481
3563	1482
4291	1483
5061	1484
536	1485
1706	1486
1709	1487
2219	1488
3072	1489
3242	1490
4006	1491
4509	1492
5038	1493
5393	1494
5404	1495
303	1496
451	1497
1391	1498
4265	1499
5008	1500
5260	1501
5659	1502
1908	1503
2122	1504
2966	1505
3540	1506
3732	1507
5597	1508
5734	1509
5896	1510
1692	1511
1896	1512
2233	1513
3720	1514
4118	1515
4921	1516
1186	1517
1593	1518
1606	1519
1722	1520
2140	1521
2348	1522
3484	1523
3511	1524
4596	1525
5352	1526
5595	1527
5908	1528
677	1529
1109	1530
1601	1531
2072	1532
2724	1533
2866	1534
3403	1535
3611	1536
4984	1537
224	1538
3436	1539
3988	1540
4117	1541
4281	1542
4659	1543
4661	1544
5158	1545
5193	1546
5223	1547
5491	1548
897	1549
2177	1550
2466	1551
2628	1552
3390	1553
3672	1554
3882	1555
4090	1556
4476	1557
4605	1558
4882	1559
5099	1560
1268	1561
1807	1562
1890	1563
2609	1564
3591	1565
3625	1566
3745	1567
3796	1568
3864	1569
5723	1570
6037	1571
15	1572
137	1573
2938	1574
3757	1575
4401	1576
4643	1577
2438	1578
2503	1579
2750	1580
3474	1581
4114	1582
4286	1583
5649	1584
5733	1585
5857	1586
5858	1587
5862	1588
466	1589
499	1590
924	1591
1497	1592
2067	1593
2302	1594
4364	1595
5	1596
35	1597
278	1598
337	1599
481	1600
1873	1601
3274	1602
3370	1603
5657	1604
1903	1605
2353	1606
2745	1607
3096	1608
3501	1609
4810	1610
4861	1611
5098	1612
5344	1613
5925	1614
6011	1615
788	1616
1695	1617
2685	1618
3229	1619
3837	1620
3951	1621
4801	1622
5441	1623
816	1624
1220	1625
1261	1626
1421	1627
1716	1628
1736	1629
2559	1630
2889	1631
4452	1632
4738	1633
5775	1634
1033	1635
1062	1636
1241	1637
2022	1638
3930	1639
4449	1640
4774	1641
5056	1642
44	1643
306	1644
5120	1645
5718	1646
1074	1647
2455	1648
2885	1649
3195	1650
3333	1651
4363	1652
5049	1653
295	1654
494	1655
695	1656
927	1657
2121	1658
2792	1659
2868	1660
2955	1661
3687	1662
4901	1663
4922	1664
541	1665
858	1666
2876	1667
3193	1668
3281	1669
5557	1670
5938	1671
5960	1672
425	1673
953	1674
1345	1675
3154	1676
3450	1677
4522	1678
4621	1679
5596	1680
1099	1681
1311	1682
2282	1683
2344	1684
2605	1685
4483	1686
4959	1687
147	1688
273	1689
2215	1690
2338	1691
3804	1692
3994	1693
4377	1694
4459	1695
5361	1696
5535	1697
5861	1698
5963	1699
1183	1700
1396	1701
3442	1702
3827	1703
4040	1704
4496	1705
5995	1706
654	1707
1413	1708
3752	1709
4491	1710
5021	1711
208	1712
1598	1713
2985	1714
3053	1715
3822	1716
4907	1717
5565	1718
134	1719
3428	1720
4977	1721
5432	1722
5603	1723
5776	1724
307	1725
1139	1726
1155	1727
1407	1728
1495	1729
2162	1730
3315	1731
4414	1732
5286	1733
5679	1734
3630	1735
5278	1736
5355	1737
5378	1738
5949	1739
690	1740
1084	1741
1490	1742
2403	1743
4467	1744
230	1745
620	1746
1057	1747
1199	1748
1415	1749
2176	1750
3093	1751
3574	1752
4868	1753
4934	1754
2119	1755
2174	1756
2751	1757
2772	1758
3922	1759
4809	1760
5459	1761
5574	1762
462	1763
635	1764
648	1765
656	1766
1357	1767
1996	1768
2008	1769
4961	1770
5019	1771
5337	1772
838	1773
987	1774
1796	1775
3290	1776
3599	1777
75	1778
732	1779
1655	1780
1683	1781
1797	1782
1938	1783
2255	1784
4662	1785
4975	1786
5420	1787
5422	1788
127	1789
583	1790
830	1791
1805	1792
1948	1793
2097	1794
2178	1795
2944	1796
2969	1797
3095	1798
3434	1799
3615	1800
4194	1801
4939	1802
5538	1803
5942	1804
396	1805
1543	1806
2309	1807
2978	1808
4471	1809
4793	1810
5324	1811
5457	1812
5626	1813
5705	1814
498	1815
623	1816
832	1817
873	1818
1135	1819
1894	1820
2246	1821
3151	1822
4130	1823
4329	1824
4577	1825
5573	1826
5801	1827
667	1828
818	1829
1030	1830
1321	1831
2035	1832
2562	1833
2779	1834
2804	1835
3761	1836
3860	1837
4734	1838
4890	1839
5911	1840
133	1841
608	1842
767	1843
1267	1844
1271	1845
1636	1846
2814	1847
2968	1848
3014	1849
3020	1850
3304	1851
4333	1852
4438	1853
4526	1854
4916	1855
718	1856
2175	1857
2575	1858
2972	1859
4153	1860
4351	1861
4685	1862
4699	1863
372	1864
1097	1865
1133	1866
2127	1867
2952	1868
3377	1869
3903	1870
3935	1871
4050	1872
4084	1873
5251	1874
5548	1875
728	1876
2002	1877
2997	1878
3253	1879
3806	1880
3913	1881
4671	1882
214	1883
237	1884
517	1885
590	1886
1300	1887
1551	1888
3415	1889
5520	1890
5524	1891
939	1892
966	1893
1544	1894
2290	1895
2458	1896
3536	1897
3902	1898
4416	1899
4433	1900
4814	1901
5706	1902
34	1903
1094	1904
1560	1905
2120	1906
3458	1907
3958	1908
4854	1909
575	1910
778	1911
910	1912
945	1913
1132	1914
2785	1915
3493	1916
3538	1917
3586	1918
3635	1919
3995	1920
4223	1921
4456	1922
4826	1923
5327	1924
5971	1925
515	1926
2221	1927
3203	1928
3858	1929
4327	1930
4681	1931
4700	1932
5121	1933
5138	1934
5403	1935
5851	1936
1105	1937
1561	1938
1640	1939
2659	1940
3057	1941
3233	1942
3361	1943
4179	1944
5086	1945
5386	1946
1442	1947
1985	1948
2136	1949
3457	1950
3908	1951
4454	1952
4610	1953
5029	1954
5593	1955
594	1956
1724	1957
1824	1958
2374	1959
2451	1960
2595	1961
3099	1962
3157	1963
3200	1964
3473	1965
3622	1966
3894	1967
4234	1968
4512	1969
4806	1970
5151	1971
5264	1972
5680	1973
6018	1974
129	1975
493	1976
577	1977
664	1978
921	1979
958	1980
1262	1981
1347	1982
1352	1983
1870	1984
2555	1985
2784	1986
3601	1987
4152	1988
5335	1989
5998	1990
305	1991
456	1992
724	1993
754	1994
931	1995
952	1996
1853	1997
2730	1998
2832	1999
3516	2000
3594	2001
3614	2002
4093	2003
4294	2004
4334	2005
4849	2006
5227	2007
408	2008
513	2009
1162	2010
2206	2011
2620	2012
2663	2013
2919	2014
3228	2015
3927	2016
4284	2017
4461	2018
5294	2019
5437	2020
1031	2021
1312	2022
1437	2023
1775	2024
1982	2025
2084	2026
2849	2027
3123	2028
4212	2029
4315	2030
5752	2031
97	2032
260	2033
602	2034
1227	2035
1978	2036
2486	2037
2498	2038
3240	2039
3399	2040
4104	2041
4289	2042
4498	2043
4566	2044
4573	2045
5389	2046
5769	2047
5924	2048
190	2049
205	2050
859	2051
1427	2052
1571	2053
2316	2054
3231	2055
3524	2056
4032	2057
4274	2058
4619	2059
4845	2060
5853	2061
2407	2062
3564	2063
3955	2064
4177	2065
4640	2066
4985	2067
5545	2068
5547	2069
5625	2070
5647	2071
5905	2072
706	2073
1016	2074
1825	2075
1954	2076
2572	2077
3266	2078
3341	2079
3789	2080
3888	2081
4380	2082
5805	2083
793	2084
1134	2085
1331	2086
1901	2087
2114	2088
3022	2089
3192	2090
3277	2091
3696	2092
3737	2093
5167	2094
5480	2095
508	2096
743	2097
795	2098
1152	2099
1648	2100
1690	2101
1779	2102
2021	2103
2883	2104
3210	2105
3230	2106
4973	2107
5114	2108
5255	2109
5445	2110
156	2111
274	2112
335	2113
585	2114
1038	2115
1323	2116
1370	2117
2157	2118
2939	2119
3025	2120
3045	2121
3386	2122
3896	2123
4541	2124
4615	2125
4697	2126
5253	2127
5531	2128
5607	2129
5726	2130
5893	2131
406	2132
1594	2133
1877	2134
1947	2135
2091	2136
2424	2137
3002	2138
4171	2139
4511	2140
4514	2141
5758	2142
6023	2143
571	2144
729	2145
985	2146
1022	2147
1223	2148
1723	2149
2179	2150
2769	2151
2903	2152
4103	2153
4477	2154
5401	2155
5676	2156
258	2157
1791	2158
2307	2159
2393	2160
2740	2161
3058	2162
3609	2163
4018	2164
4203	2165
4460	2166
4572	2167
5497	2168
918	2169
1044	2170
1281	2171
1608	2172
2935	2173
3445	2174
4650	2175
4945	2176
4965	2177
5014	2178
5102	2179
5598	2180
240	2181
711	2182
1071	2183
1366	2184
1513	2185
1828	2186
2351	2187
2794	2188
2870	2189
2910	2190
2976	2191
3202	2192
3349	2193
4485	2194
4644	2195
4983	2196
5920	2197
1116	2198
1768	2199
2235	2200
2625	2201
3074	2202
3219	2203
4243	2204
5126	2205
5947	2206
1165	2207
1206	2208
2355	2209
2890	2210
3345	2211
3677	2212
4371	2213
5034	2214
78	2215
685	2216
1744	2217
2500	2218
3331	2219
3481	2220
3565	2221
3712	2222
3763	2223
3801	2224
4144	2225
5430	2226
8	2227
259	2228
285	2229
764	2230
1348	2231
1866	2232
2547	2233
2747	2234
2808	2235
3678	2236
3684	2237
4257	2238
5301	2239
5770	2240
380	2241
829	2242
864	2243
2055	2244
2744	2245
2787	2246
3329	2247
3477	2248
4347	2249
4415	2250
4718	2251
4909	2252
5173	2253
5678	2254
5875	2255
11	2256
385	2257
560	2258
1950	2259
2187	2260
3213	2261
3387	2262
3560	2263
4323	2264
4580	2265
5044	2266
5516	2267
24	2268
377	2269
1204	2270
1408	2271
1440	2272
2593	2273
2693	2274
2947	2275
2980	2276
3197	2277
3697	2278
3830	2279
5059	2280
5582	2281
130	2282
671	2283
689	2284
980	2285
998	2286
1232	2287
2688	2288
2852	2289
2999	2290
4070	2291
4902	2292
4994	2293
5424	2294
5455	2295
1114	2296
1547	2297
1856	2298
2409	2299
2692	2300
3664	2301
3741	2302
3844	2303
4233	2304
5209	2305
436	2306
1361	2307
1595	2308
2262	2309
2859	2310
3033	2311
3793	2312
3889	2313
4043	2314
5097	2315
102	2316
435	2317
452	2318
539	2319
611	2320
652	2321
705	2322
1338	2323
1688	2324
2481	2325
2656	2326
3171	2327
3978	2328
4132	2329
4309	2330
4353	2331
4361	2332
4620	2333
4688	2334
5217	2335
5641	2336
6021	2337
267	2338
1021	2339
1127	2340
2533	2341
4210	2342
4242	2343
4368	2344
4832	2345
5109	2346
5232	2347
5447	2348
940	2349
1474	2350
1499	2351
2190	2352
2523	2353
3983	2354
5230	2355
5246	2356
5594	2357
5616	2358
5691	2359
5785	2360
5889	2361
5910	2362
2	2363
1288	2364
2199	2365
2757	2366
2942	2367
3169	2368
3555	2369
3721	2370
4099	2371
4181	2372
4225	2373
4532	2374
4601	2375
4631	2376
5952	2377
960	2378
1689	2379
1951	2380
2241	2381
3596	2382
3799	2383
4004	2384
5236	2385
5326	2386
5429	2387
203	2388
662	2389
739	2390
1054	2391
1078	2392
1514	2393
2272	2394
2921	2395
3413	2396
4121	2397
4326	2398
4374	2399
4812	2400
5566	2401
5592	2402
5982	2403
270	2404
610	2405
755	2406
810	2407
843	2408
954	2409
1176	2410
1532	2411
2170	2412
2905	2413
3297	2414
3323	2415
3384	2416
3435	2417
3791	2418
4036	2419
4162	2420
4235	2421
4645	2422
4927	2423
5139	2424
5263	2425
5341	2426
5446	2427
5976	2428
569	2429
697	2430
1328	2431
1577	2432
1887	2433
2068	2434
2429	2435
2468	2436
3638	2437
3661	2438
3731	2439
3736	2440
3742	2441
3790	2442
4389	2443
4445	2444
4575	2445
5025	2446
5366	2447
5658	2448
5661	2449
5777	2450
5900	2451
5912	2452
339	2453
1564	2454
2788	2455
2933	2456
2943	2457
2974	2458
3111	2459
3226	2460
3250	2461
3766	2462
4030	2463
4378	2464
4711	2465
5197	2466
5219	2467
5490	2468
5709	2469
5906	2470
6006	2471
6013	2472
309	2473
342	2474
463	2475
905	2476
1817	2477
1976	2478
2459	2479
2882	2480
3085	2481
3135	2482
3319	2483
3974	2484
4082	2485
4131	2486
4237	2487
6039	2488
186	2489
529	2490
605	2491
1018	2492
1066	2493
1678	2494
2790	2495
3270	2496
3517	2497
3831	2498
4222	2499
4336	2500
4466	2501
4954	2502
5406	2503
5683	2504
5797	2505
65	2506
107	2507
641	2508
823	2509
1079	2510
1159	2511
1681	2512
2039	2513
2096	2514
2192	2515
2427	2516
2497	2517
2734	2518
2812	2519
5395	2520
5885	2521
444	2522
1602	2523
2161	2524
2298	2525
2330	2526
2564	2527
3004	2528
3105	2529
3419	2530
3426	2531
3815	2532
4160	2533
4892	2534
5023	2535
5118	2536
5208	2537
5473	2538
5502	2539
5583	2540
5986	2541
31	2542
496	2543
783	2544
1843	2545
2017	2546
2025	2547
2239	2548
2352	2549
2674	2550
3340	2551
3733	2552
4367	2553
4539	2554
4798	2555
5143	2556
5169	2557
5624	2558
5701	2559
5750	2560
82	2561
323	2562
548	2563
630	2564
1169	2565
1252	2566
1540	2567
2546	2568
3038	2569
3749	2570
3819	2571
4133	2572
4134	2573
5187	2574
5353	2575
5825	2576
376	2577
733	2578
787	2579
849	2580
1320	2581
1630	2582
1871	2583
2349	2584
2435	2585
2718	2586
2719	2587
2863	2588
2897	2589
3498	2590
4782	2591
5180	2592
5648	2593
5655	2594
5702	2595
5798	2596
862	2597
1073	2598
1430	2599
1463	2600
1498	2601
1804	2602
1819	2603
2350	2604
2398	2605
2651	2606
3036	2607
3408	2608
3432	2609
3777	2610
4687	2611
4795	2612
4843	2613
4870	2614
5137	2615
5166	2616
5405	2617
5757	2618
103	2619
178	2620
505	2621
789	2622
828	2623
880	2624
1215	2625
1500	2626
1721	2627
2669	2628
3605	2629
3698	2630
3874	2631
4552	2632
5469	2633
5894	2634
6030	2635
638	2636
736	2637
1122	2638
2410	2639
2491	2640
2701	2641
3532	2642
3812	2643
3871	2644
4098	2645
4830	2646
4908	2647
4963	2648
5041	2649
5485	2650
5782	2651
5892	2652
1761	2653
2158	2654
2894	2655
3028	2656
3086	2657
3263	2658
3914	2659
4272	2660
4858	2661
5063	2662
5242	2663
5464	2664
5518	2665
5571	2666
663	2667
1196	2668
1350	2669
1585	2670
2143	2671
3364	2672
3528	2673
3556	2674
3996	2675
5233	2676
5342	2677
5958	2678
281	2679
876	2680
1831	2681
2321	2682
2803	2683
3005	2684
3145	2685
3183	2686
3572	2687
3653	2688
4071	2689
4219	2690
5040	2691
5449	2692
5939	2693
165	2694
179	2695
210	2696
212	2697
249	2698
659	2699
853	2700
893	2701
1231	2702
1254	2703
2682	2704
3317	2705
3444	2706
4417	2707
4561	2708
4780	2709
5129	2710
1115	2711
1393	2712
1450	2713
2004	2714
2585	2715
2809	2716
2898	2717
4409	2718
4737	2719
5020	2720
5076	2721
5201	2722
5671	2723
5827	2724
13	2725
29	2726
49	2727
340	2728
419	2729
504	2730
644	2731
956	2732
1324	2733
1464	2734
1507	2735
1747	2736
2276	2737
2742	2738
2844	2739
3172	2740
3832	2741
3925	2742
4034	2743
4589	2744
4706	2745
5339	2746
5929	2747
28	2748
99	2749
162	2750
336	2751
480	2752
872	2753
1160	2754
1492	2755
2194	2756
2248	2757
2648	2758
4739	2759
4915	2760
9	2761
101	2762
262	2763
593	2764
613	2765
785	2766
1634	2767
1765	2768
1781	2769
2778	2770
3000	2771
3041	2772
4123	2773
4598	2774
4606	2775
4735	2776
5272	2777
5652	2778
6014	2779
119	2780
471	2781
530	2782
926	2783
1072	2784
1191	2785
1506	2786
2027	2787
2101	2788
2444	2789
2463	2790
2738	2791
2989	2792
3010	2793
3114	2794
3184	2795
3198	2796
3279	2797
3489	2798
3811	2799
4252	2800
5037	2801
5479	2802
5736	2803
5823	2804
299	2805
820	2806
1527	2807
1863	2808
2070	2809
2461	2810
2937	2811
3305	2812
3374	2813
3543	2814
3571	2815
3671	2816
4015	2817
4091	2818
4308	2819
4382	2820
4733	2821
4813	2822
4967	2823
5338	2824
5470	2825
5554	2826
5646	2827
6032	2828
287	2829
351	2830
534	2831
666	2832
691	2833
776	2834
1032	2835
1064	2836
1129	2837
1131	2838
1360	2839
1374	2840
2270	2841
2874	2842
3759	2843
3904	2844
3923	2845
4249	2846
4627	2847
4670	2848
4745	2849
4773	2850
5032	2851
5148	2852
5211	2853
5261	2854
5509	2855
5865	2856
220	2857
291	2858
990	2859
1198	2860
1441	2861
1468	2862
1949	2863
2078	2864
2146	2865
2766	2866
2846	2867
3148	2868
3332	2869
3568	2870
3608	2871
3947	2872
3948	2873
4412	2874
4571	2875
4634	2876
4794	2877
4886	2878
5123	2879
5270	2880
5322	2881
5408	2882
5532	2883
5638	2884
5937	2885
183	2886
500	2887
1525	2888
2144	2889
2171	2890
2266	2891
2310	2892
2689	2893
2736	2894
2801	2895
3134	2896
3619	2897
3676	2898
3855	2899
3898	2900
3912	2901
4195	2902
4218	2903
5081	2904
5183	2905
5248	2906
5629	2907
5791	2908
38	2909
348	2910
523	2911
595	2912
1063	2913
1481	2914
1567	2915
1833	2916
2212	2917
2320	2918
2406	2919
2654	2920
2699	2921
2754	2922
2795	2923
2975	2924
3199	2925
3206	2926
3334	2927
3505	2928
3515	2929
3891	2930
4051	2931
4168	2932
4299	2933
4772	2934
4828	2935
4875	2936
4905	2937
4947	2938
4952	2939
5177	2940
5688	2941
5707	2942
5708	2943
5871	2944
83	2945
95	2946
347	2947
413	2948
510	2949
884	2950
1589	2951
2240	2952
2733	2953
3083	2954
3207	2955
4190	2956
5064	2957
5165	2958
5318	2959
5714	2960
5985	2961
63	2962
114	2963
265	2964
537	2965
715	2966
772	2967
930	2968
1494	2969
1858	2970
2000	2971
2661	2972
3267	2973
3917	2974
4241	2975
4499	2976
5105	2977
5368	2978
5423	2979
5618	2980
174	2981
231	2982
296	2983
552	2984
759	2985
1446	2986
1458	2987
1917	2988
2573	2989
3211	2990
3294	2991
3368	2992
3486	2993
3582	2994
3979	2995
4251	2996
4757	2997
5257	2998
5310	2999
5601	3000
5724	3001
40	3002
155	3003
410	3004
887	3005
959	3006
1067	3007
1195	3008
1359	3009
2079	3010
2147	3011
2163	3012
2335	3013
3352	3014
3659	3015
4292	3016
4313	3017
4746	3018
4930	3019
5016	3020
256	3021
915	3022
1161	3023
1743	3024
2089	3025
2236	3026
2404	3027
3173	3028
4066	3029
4101	3030
4674	3031
4877	3032
5128	3033
5134	3034
5267	3035
5275	3036
6024	3037
615	3038
809	3039
1248	3040
1287	3041
1376	3042
2058	3043
2550	3044
2594	3045
2666	3046
2789	3047
3142	3048
3938	3049
4148	3050
4311	3051
4862	3052
5241	3053
5451	3054
5766	3055
5930	3056
479	3057
658	3058
1315	3059
1538	3060
2619	3061
2892	3062
3646	3063
3775	3064
5704	3065
5790	3066
5946	3067
111	3068
263	3069
439	3070
812	3071
1005	3072
1342	3073
1523	3074
1992	3075
2703	3076
2865	3077
3011	3078
3098	3079
3417	3080
3497	3081
3533	3082
3975	3083
4175	3084
4245	3085
4807	3086
4817	3087
4841	3088
5362	3089
5402	3090
5505	3091
5619	3092
967	3093
1035	3094
1511	3095
1618	3096
1799	3097
2043	3098
2600	3099
2800	3100
3262	3101
3663	3102
3674	3103
3682	3104
3835	3105
3886	3106
3973	3107
4306	3108
4686	3109
5438	3110
5730	3111
5953	3112
5969	3113
232	3114
344	3115
506	3116
670	3117
1185	3118
1569	3119
2005	3120
2126	3121
2439	3122
2749	3123
2953	3124
3066	3125
3119	3126
3185	3127
3479	3128
3525	3129
4893	3130
5157	3131
5751	3132
132	3133
275	3134
297	3135
1138	3136
1149	3137
1308	3138
1433	3139
1770	3140
1961	3141
2103	3142
2324	3143
2492	3144
2631	3145
2842	3146
2853	3147
3439	3148
4102	3149
4127	3150
4221	3151
4555	3152
5048	3153
5188	3154
5419	3155
5668	3156
6019	3157
936	3158
1020	3159
1065	3160
1239	3161
1467	3162
1707	3163
2062	3164
2238	3165
2727	3166
2805	3167
3433	3168
3662	3169
3711	3170
3839	3171
4280	3172
4567	3173
5313	3174
5431	3175
5833	3176
6005	3177
76	3178
170	3179
201	3180
369	3181
792	3182
1341	3183
1519	3184
1839	3185
1999	3186
2118	3187
2881	3188
2886	3189
3174	3190
3175	3191
3551	3192
4023	3193
4403	3194
5813	3195
5902	3196
81	3197
116	3198
218	3199
636	3200
1895	3201
1924	3202
1931	3203
1995	3204
2493	3205
2862	3206
3079	3207
3302	3208
3359	3209
3602	3210
3639	3211
3851	3212
4465	3213
4557	3214
4569	3215
4678	3216
5613	3217
5622	3218
5844	3219
25	3220
244	3221
1041	3222
1205	3223
1637	3224
1705	3225
1921	3226
2501	3227
2830	3228
3116	3229
3155	3230
3447	3231
3452	3232
3866	3233
3968	3234
3990	3235
4137	3236
4248	3237
4440	3238
4468	3239
5050	3240
5460	3241
5687	3242
5737	3243
5991	3244
184	3245
431	3246
844	3247
875	3248
1000	3249
1304	3250
1409	3251
1563	3252
2254	3253
2723	3254
2726	3255
3248	3256
3321	3257
3460	3258
3470	3259
3701	3260
4020	3261
4518	3262
5496	3263
5578	3264
5715	3265
182	3266
797	3267
1855	3268
1878	3269
1963	3270
1972	3271
2046	3272
2076	3273
2428	3274
2773	3275
2993	3276
3269	3277
3339	3278
4080	3279
4170	3280
4581	3281
4835	3282
5226	3283
5712	3284
5753	3285
464	3286
679	3287
701	3288
709	3289
1386	3290
1679	3291
2617	3292
2817	3293
3162	3294
3854	3295
3982	3296
4180	3297
4276	3298
4551	3299
4613	3300
5560	3301
5746	3302
5887	3303
96	3304
109	3305
391	3306
544	3307
725	3308
748	3309
943	3310
1673	3311
2214	3312
2371	3313
2811	3314
3052	3315
3126	3316
3257	3317
3337	3318
3881	3319
3905	3320
4320	3321
4359	3322
4450	3323
4625	3324
4633	3325
4717	3326
4833	3327
4911	3328
5060	3329
5071	3330
5254	3331
5396	3332
5427	3333
6026	3334
110	3335
222	3336
861	3337
1060	3338
1423	3339
1702	3340
2013	3341
2552	3342
2570	3343
2768	3344
2802	3345
3035	3346
3438	3347
4067	3348
4443	3349
4444	3350
4654	3351
4931	3352
5196	3353
5331	3354
5421	3355
5494	3356
52	3357
514	3358
674	3359
882	3360
1177	3361
1475	3362
1555	3363
1710	3364
2806	3365
3003	3366
3245	3367
3656	3368
4856	3369
4998	3370
5414	3371
5484	3372
5631	3373
5860	3374
5988	3375
176	3376
371	3377
401	3378
547	3379
582	3380
920	3381
964	3382
983	3383
1055	3384
1107	3385
1410	3386
1522	3387
1739	3388
1932	3389
1946	3390
2715	3391
3077	3392
3084	3393
3237	3394
3577	3395
3706	3396
3848	3397
3909	3398
5540	3399
5815	3400
5832	3401
5884	3402
5891	3403
5994	3404
316	3405
490	3406
741	3407
965	3408
1276	3409
1735	3410
1850	3411
2142	3412
2281	3413
2305	3414
2342	3415
2561	3416
2798	3417
3046	3418
3131	3419
3150	3420
3362	3421
3531	3422
3873	3423
3924	3424
4029	3425
4534	3426
4989	3427
5024	3428
5135	3429
5276	3430
5710	3431
5903	3432
5913	3433
5931	3434
5989	3435
100	3436
324	3437
330	3438
851	3439
1047	3440
1056	3441
1153	3442
2200	3443
2280	3444
2370	3445
2390	3446
2551	3447
2655	3448
3514	3449
3597	3450
4247	3451
4595	3452
4602	3453
4604	3454
4608	3455
4618	3456
4691	3457
5584	3458
5602	3459
5740	3460
5869	3461
682	3462
868	3463
1344	3464
1533	3465
2069	3466
2095	3467
2299	3468
2423	3469
3289	3470
3686	3471
3901	3472
4426	3473
4866	3474
4960	3475
5164	3476
5293	3477
5508	3478
5528	3479
5562	3480
5822	3481
289	3482
393	3483
704	3484
903	3485
979	3486
1253	3487
1373	3488
1414	3489
1642	3490
1734	3491
1762	3492
2522	3493
2557	3494
2580	3495
3239	3496
3295	3497
3478	3498
3559	3499
3845	3500
3949	3501
4346	3502
4494	3503
4690	3504
5057	3505
5106	3506
5170	3507
5617	3508
5703	3509
5768	3510
251	3511
389	3512
432	3513
726	3514
805	3515
988	3516
1090	3517
1750	3518
1769	3519
1945	3520
2448	3521
2855	3522
2858	3523
2959	3524
3042	3525
3170	3526
3640	3527
3937	3528
4617	3529
4762	3530
5186	3531
5284	3532
5332	3533
5644	3534
5662	3535
5829	3536
68	3537
121	3538
358	3539
567	3540
626	3541
888	3542
1089	3543
1156	3544
1175	3545
1521	3546
2694	3547
2914	3548
2915	3549
3107	3550
3220	3551
3296	3552
3580	3553
3755	3554
3921	3555
4092	3556
4501	3557
4689	3558
4768	3559
4827	3560
4840	3561
4847	3562
4978	3563
5670	3564
5745	3565
6	3566
125	3567
188	3568
239	3569
649	3570
661	3571
909	3572
1327	3573
2082	3574
2094	3575
2155	3576
2202	3577
2273	3578
2306	3579
2372	3580
2386	3581
2391	3582
2394	3583
2642	3584
2922	3585
3049	3586
3161	3587
3424	3588
3482	3589
3692	3590
3800	3591
3890	3592
3895	3593
4350	3594
4721	3595
5092	3596
5542	3597
27	3598
60	3599
135	3600
643	3601
693	3602
836	3603
857	3604
894	3605
1093	3606
1167	3607
1476	3608
1603	3609
1623	3610
1745	3611
2249	3612
2331	3613
2483	3614
2917	3615
3047	3616
3048	3617
3318	3618
3613	3619
3846	3620
3950	3621
3962	3622
4172	3623
4428	3624
4694	3625
5013	3626
5296	3627
5489	3628
5572	3629
5959	3630
467	3631
579	3632
837	3633
1212	3634
1381	3635
1528	3636
2132	3637
2137	3638
2318	3639
2346	3640
2408	3641
3357	3642
3567	3643
3645	3644
3710	3645
3919	3646
4266	3647
4540	3648
4842	3649
5080	3650
5194	3651
5229	3652
5499	3653
88	3654
113	3655
143	3656
387	3657
470	3658
925	3659
1222	3660
1286	3661
1293	3662
1731	3663
1944	3664
2256	3665
2571	3666
2579	3667
2604	3668
2712	3669
2760	3670
2945	3671
3106	3672
3506	3673
3670	3674
3840	3675
4239	3676
4432	3677
4716	3678
4895	3679
4999	3680
5673	3681
56	3682
332	3683
360	3684
501	3685
634	3686
769	3687
813	3688
1052	3689
1278	3690
1365	3691
1738	3692
1798	3693
1822	3694
1977	3695
1981	3696
2130	3697
2198	3698
2250	3699
2278	3700
2728	3701
2950	3702
3130	3703
3268	3704
3510	3705
3584	3706
3810	3707
3813	3708
3849	3709
4187	3710
4397	3711
5195	3712
5382	3713
5808	3714
5868	3715
5992	3716
806	3717
1002	3718
1201	3719
1436	3720
1570	3721
1740	3722
1760	3723
2322	3724
2513	3725
2535	3726
3310	3727
3468	3728
3637	3729
3700	3730
3843	3731
4135	3732
4240	3733
4339	3734
4683	3735
4713	3736
4744	3737
5291	3738
5513	3739
5778	3740
5803	3741
69	3742
138	3743
811	3744
1337	3745
1403	3746
1629	3747
1834	3748
1956	3749
2036	3750
2057	3751
2201	3752
2354	3753
2597	3754
2951	3755
3249	3756
3598	3757
3782	3758
3926	3759
3943	3760
3984	3761
4000	3762
4769	3763
4836	3764
5133	3765
5210	3766
5252	3767
5534	3768
5943	3769
5966	3770
57	3771
67	3772
350	3773
379	3774
420	3775
423	3776
553	3777
760	3778
885	3779
895	3780
896	3781
1106	3782
1158	3783
1163	3784
1517	3785
1874	3786
1940	3787
1965	3788
2957	3789
3037	3790
3050	3791
3062	3792
3063	3793
3091	3794
3156	3795
3232	3796
3449	3797
3593	3798
3728	3799
3747	3800
3906	3801
3964	3802
4105	3803
4138	3804
4684	3805
5262	3806
5442	3807
5454	3808
5537	3809
5551	3810
5856	3811
6009	3812
120	3813
430	3814
603	3815
786	3816
1353	3817
1665	3818
2032	3819
2308	3820
2636	3821
2695	3822
2911	3823
2988	3824
3097	3825
3492	3826
3786	3827
4229	3828
4701	3829
4753	3830
5009	3831
5079	3832
5821	3833
5926	3834
39	3835
236	3836
328	3837
416	3838
819	3839
847	3840
863	3841
933	3842
1646	3843
1660	3844
1684	3845
1816	3846
2294	3847
2319	3848
2333	3849
2387	3850
2528	3851
2607	3852
2822	3853
2927	3854
2973	3855
3023	3856
3090	3857
3146	3858
3218	3859
3431	3860
3451	3861
3500	3862
3522	3863
3629	3864
3781	3865
4044	3866
4095	3867
4155	3868
4296	3869
4481	3870
4528	3871
4584	3872
4679	3873
4714	3874
5200	3875
5330	3876
5510	3877
5729	3878
5846	3879
105	3880
334	3881
914	3882
968	3883
1028	3884
1233	3885
1455	3886
1482	3887
1614	3888
1773	3889
1846	3890
1959	3891
2003	3892
2228	3893
2317	3894
2382	3895
2421	3896
2476	3897
2477	3898
2615	3899
3039	3900
3141	3901
3177	3902
3223	3903
3699	3904
4147	3905
4283	3906
4624	3907
4857	3908
4990	3909
5031	3910
5363	3911
5692	3912
112	3913
252	3914
370	3915
974	3916
991	3917
1103	3918
1259	3919
1302	3920
1375	3921
1411	3922
2138	3923
2243	3924
2397	3925
2508	3926
2782	3927
3920	3928
4087	3929
4370	3930
4487	3931
5078	3932
5399	3933
5632	3934
5711	3935
5731	3936
6033	3937
87	3938
180	3939
194	3940
388	3941
657	3942
1148	3943
1334	3944
1934	3945
1942	3946
2134	3947
2327	3948
2359	3949
2405	3950
2525	3951
2635	3952
3139	3953
3465	3954
3467	3955
4002	3956
4063	3957
4479	3958
5072	3959
5094	3960
5298	3961
5498	3962
5500	3963
5987	3964
167	3965
354	3966
357	3967
522	3968
526	3969
557	3970
993	3971
1378	3972
1400	3973
1729	3974
1789	3975
1923	3976
1935	3977
2115	3978
2425	3979
2469	3980
2828	3981
2891	3982
2991	3983
3256	3984
3342	3985
3360	3986
3660	3987
3952	3988
4376	3989
4799	3990
4976	3991
5075	3992
5132	3993
5850	3994
5895	3995
122	3996
241	3997
312	3998
414	3999
576	4000
597	4001
622	4002
831	4003
1082	4004
1145	4005
1557	4006
1649	4007
1659	4008
1826	4009
1881	4010
1885	4011
1909	4012
2341	4013
2418	4014
2447	4015
2536	4016
2746	4017
3073	4018
3109	4019
3537	4020
3852	4021
3865	4022
3880	4023
4035	4024
4290	4025
4321	4026
4533	4027
4760	4028
4763	4029
4797	4030
5307	4031
5506	4032
5997	4033
6004	4034
6015	4035
288	4036
382	4037
750	4038
848	4039
1136	4040
1401	4041
1670	4042
1809	4043
2033	4044
2093	4045
2197	4046
2326	4047
2637	4048
3251	4049
3344	4050
3382	4051
3395	4052
3680	4053
3774	4054
3779	4055
4157	4056
4173	4057
4530	4058
4632	4059
4709	4060
4997	4061
5299	4062
140	4063
362	4064
722	4065
916	4066
950	4067
976	4068
1012	4069
1290	4070
1364	4071
1777	4072
1919	4073
2337	4074
2815	4075
2906	4076
2936	4077
2983	4078
3100	4079
3241	4080
3398	4081
3456	4082
3534	4083
3667	4084
4453	4085
4516	4086
4553	4087
4727	4088
4731	4089
4783	4090
4903	4091
5068	4092
5237	4093
5334	4094
5415	4095
5587	4096
5764	4097
5774	4098
5807	4099
5879	4100
70	4101
449	4102
614	4103
1080	4104
1104	4105
1575	4106
1785	4107
1852	4108
1867	4109
1868	4110
2009	4111
2014	4112
2521	4113
2623	4114
2630	4115
2672	4116
2783	4117
2845	4118
2987	4119
2998	4120
3857	4121
4075	4122
4119	4123
4848	4124
5104	4125
5346	4126
5481	4127
5552	4128
5748	4129
5975	4130
1	4131
37	4132
233	4133
253	4134
257	4135
730	4136
856	4137
1143	4138
1355	4139
1372	4140
1388	4141
1397	4142
1786	4143
1910	4144
2087	4145
2104	4146
2139	4147
2149	4148
2267	4149
2367	4150
2400	4151
2833	4152
2948	4153
3089	4154
3092	4155
3694	4156
3817	4157
3966	4158
4037	4159
4039	4160
4111	4161
4435	4162
5328	4163
5897	4164
5951	4165
374	4166
437	4167
609	4168
628	4169
707	4170
803	4171
845	4172
1009	4173
1428	4174
1574	4175
1583	4176
1784	4177
1970	4178
2216	4179
2226	4180
2284	4181
2285	4182
2300	4183
2301	4184
2452	4185
2577	4186
2856	4187
2864	4188
3006	4189
3899	4190
3907	4191
4149	4192
4185	4193
4232	4194
4442	4195
4586	4196
4639	4197
4914	4198
4987	4199
5010	4200
5181	4201
5521	4202
5830	4203
5842	4204
3	4205
126	4206
185	4207
375	4208
418	4209
446	4210
450	4211
962	4212
982	4213
1061	4214
1092	4215
1217	4216
1419	4217
1559	4218
2245	4219
2460	4220
2515	4221
2545	4222
2904	4223
3137	4224
3306	4225
3383	4226
3649	4227
3707	4228
4011	4229
4027	4230
4031	4231
4081	4232
4165	4233
4236	4234
4317	4235
4319	4236
4355	4237
4486	4238
4740	4239
5127	4240
5279	4241
5727	4242
5739	4243
5855	4244
5977	4245
6031	4246
266	4247
280	4248
404	4249
428	4250
487	4251
564	4252
612	4253
834	4254
961	4255
1008	4256
1036	4257
1235	4258
1280	4259
1461	4260
1691	4261
1957	4262
2112	4263
2401	4264
2517	4265
2606	4266
2616	4267
3088	4268
3113	4269
3437	4270
3472	4271
3703	4272
3734	4273
3758	4274
3869	4275
3893	4276
3941	4277
3944	4278
3986	4279
4128	4280
4198	4281
4231	4282
4420	4283
4455	4284
4493	4285
4546	4286
4574	4287
4590	4288
4652	4289
4818	4290
4883	4291
4910	4292
4920	4293
5348	4294
5642	4295
5836	4296
294	4297
359	4298
405	4299
469	4300
473	4301
773	4302
878	4303
995	4304
1110	4305
1257	4306
1402	4307
1756	4308
1814	4309
1827	4310
1975	4311
2001	4312
2081	4313
2361	4314
2362	4315
2586	4316
2650	4317
3343	4318
3753	4319
4200	4320
4693	4321
4759	4322
4825	4323
5093	4324
5101	4325
32	4326
80	4327
86	4328
538	4329
581	4330
768	4331
779	4332
1208	4333
1292	4334
1296	4335
1486	4336
1548	4337
1576	4338
1627	4339
1644	4340
1869	4341
2227	4342
2520	4343
2558	4344
2704	4345
2791	4346
2797	4347
2949	4348
2964	4349
2970	4350
3204	4351
3322	4352
3348	4353
3485	4354
3772	4355
3872	4356
4076	4357
4120	4358
4208	4359
4434	4360
4544	4361
4860	4362
4966	4363
5033	4364
5036	4365
5325	4366
5357	4367
5374	4368
5416	4369
5461	4370
5669	4371
5721	4372
5820	4373
5907	4374
5928	4375
6022	4376
106	4377
142	4378
279	4379
365	4380
422	4381
441	4382
460	4383
672	4384
766	4385
1565	4386
1588	4387
1654	4388
1728	4389
1742	4390
1905	4391
1987	4392
2365	4393
2416	4394
2420	4395
2499	4396
2519	4397
2556	4398
2660	4399
2762	4400
2770	4401
2823	4402
3480	4403
3553	4404
3617	4405
3702	4406
3740	4407
3809	4408
3818	4409
3856	4410
3991	4411
4012	4412
4199	4413
4206	4414
4297	4415
4529	4416
4588	4417
4599	4418
4720	4419
4767	4420
4804	4421
4993	4422
5058	4423
5204	4424
5336	4425
5474	4426
5487	4427
5544	4428
5741	4429
5742	4430
6028	4431
104	4432
433	4433
478	4434
580	4435
762	4436
923	4437
1013	4438
1027	4439
1214	4440
1283	4441
1330	4442
1663	4443
1715	4444
1720	4445
1859	4446
2040	4447
2113	4448
2117	4449
2332	4450
2569	4451
2610	4452
2861	4453
2877	4454
2924	4455
3278	4456
3350	4457
3879	4458
3987	4459
4182	4460
4205	4461
4582	4462
5176	4463
5311	4464
5354	4465
5384	4466
5385	4467
5410	4468
5425	4469
5435	4470
5591	4471
5637	4472
5665	4473
5693	4474
5789	4475
5921	4476
5940	4477
472	4478
485	4479
519	4480
618	4481
625	4482
913	4483
944	4484
1042	4485
1238	4486
1251	4487
1405	4488
1572	4489
1625	4490
1657	4491
1700	4492
2154	4493
2286	4494
2480	4495
2732	4496
3255	4497
3293	4498
3347	4499
3820	4500
4047	4501
4059	4502
4125	4503
4405	4504
4429	4505
4475	4506
4669	4507
4913	4508
5006	4509
5285	4510
5303	4511
5417	4512
5503	4513
5515	4514
5564	4515
5849	4516
5970	4517
91	4518
154	4519
177	4520
495	4521
616	4522
645	4523
734	4524
804	4525
867	4526
978	4527
989	4528
1006	4529
1026	4530
1108	4531
1368	4532
1371	4533
1424	4534
1438	4535
1832	4536
1913	4537
1966	4538
2315	4539
2675	4540
2912	4541
2961	4542
2979	4543
3059	4544
3064	4545
3153	4546
3409	4547
3794	4548
3876	4549
4045	4550
4188	4551
4369	4552
4431	4553
4587	4554
4702	4555
5218	4556
5507	4557
30	4558
50	4559
72	4560
74	4561
286	4562
325	4563
363	4564
434	4565
458	4566
532	4567
554	4568
633	4569
794	4570
871	4571
912	4572
1024	4573
1349	4574
1480	4575
1553	4576
1677	4577
1818	4578
2075	4579
2283	4580
2313	4581
2392	4582
2510	4583
2548	4584
2603	4585
2612	4586
2698	4587
2850	4588
2958	4589
2992	4590
3587	4591
3954	4592
4357	4593
4559	4594
4781	4595
4859	4596
4878	4597
5095	4598
5141	4599
5190	4600
5288	4601
5377	4602
5486	4603
5639	4604
6020	4605
507	4606
596	4607
675	4608
742	4609
825	4610
860	4611
865	4612
1258	4613
1504	4614
2297	4615
2430	4616
2437	4617
2518	4618
2554	4619
2662	4620
2678	4621
3015	4622
3316	4623
3666	4624
3776	4625
3828	4626
3867	4627
4003	4628
4293	4629
4423	4630
4519	4631
4651	4632
4766	4633
4811	4634
4925	4635
4929	4636
5055	4637
5189	4638
5456	4639
5732	4640
46	4641
292	4642
521	4643
1023	4644
1048	4645
1075	4646
1076	4647
1487	4648
1581	4649
1847	4650
1857	4651
2006	4652
2291	4653
2328	4654
2366	4655
2509	4656
2539	4657
2588	4658
2591	4659
2596	4660
2632	4661
2652	4662
2702	4663
3016	4664
3094	4665
3127	4666
3221	4667
3284	4668
3405	4669
3406	4670
3644	4671
3767	4672
3784	4673
3861	4674
4255	4675
4301	4676
4330	4677
4439	4678
4660	4679
4707	4680
4872	4681
4894	4682
4896	4683
4924	4684
5004	4685
5356	4686
5674	4687
5933	4688
51	4689
54	4690
322	4691
400	4692
525	4693
694	4694
799	4695
879	4696
1295	4697
1443	4698
1590	4699
1774	4700
1810	4701
1900	4702
1955	4703
1997	4704
2007	4705
2083	4706
2217	4707
2274	4708
2329	4709
2560	4710
2780	4711
3136	4712
3166	4713
3258	4714
3338	4715
3631	4716
3714	4717
3980	4718
4174	4719
4295	4720
4300	4721
4538	4722
4563	4723
4612	4724
4641	4725
4764	4726
4936	4727
5115	4728
5212	4729
5308	4730
5514	4731
5609	4732
5610	4733
5685	4734
5802	4735
5882	4736
77	4737
85	4738
145	4739
378	4740
486	4741
540	4742
717	4743
908	4744
994	4745
1014	4746
1200	4747
1210	4748
1289	4749
1531	4750
1638	4751
1672	4752
1792	4753
1815	4754
2213	4755
2229	4756
2495	4757
2838	4758
2843	4759
2963	4760
3070	4761
3103	4762
3379	4763
3523	4764
3527	4765
3723	4766
3750	4767
3875	4768
4017	4769
4136	4770
4214	4771
4316	4772
4646	4773
4761	4774
4838	4775
5017	4776
5179	4777
5316	4778
5444	4779
5559	4780
5633	4781
5651	4782
5783	4783
5864	4784
5870	4785
115	4786
394	4787
555	4788
584	4789
598	4790
650	4791
681	4792
684	4793
1037	4794
1316	4795
1398	4796
1462	4797
1537	4798
1562	4799
1782	4800
1915	4801
1973	4802
2151	4803
2191	4804
2224	4805
2473	4806
2482	4807
2494	4808
2534	4809
2677	4810
2711	4811
2720	4812
2829	4813
2835	4814
3326	4815
3427	4816
3575	4817
3657	4818
3668	4819
4057	4820
4061	4821
4262	4822
4263	4823
4503	4824
4570	4825
4623	4826
4664	4827
4853	4828
4949	4829
5360	4830
5563	4831
5700	4832
5756	4833
5965	4834
108	4835
447	4836
465	4837
512	4838
562	4839
740	4840
842	4841
1011	4842
1045	4843
1180	4844
1277	4845
1326	4846
1580	4847
1661	4848
2034	4849
2169	4850
2275	4851
2289	4852
2360	4853
2471	4854
2475	4855
2487	4856
2622	4857
2633	4858
2708	4859
3060	4860
3117	4861
3120	4862
3186	4863
3235	4864
3461	4865
3463	4866
3466	4867
3549	4868
3805	4869
4046	4870
4226	4871
4267	4872
4391	4873
4603	4874
4638	4875
4648	4876
4667	4877
4712	4878
4777	4879
4803	4880
4850	4881
4919	4882
4938	4883
4982	4884
5147	4885
5290	4886
5379	4887
5581	4888
5588	4889
61	4890
159	4891
219	4892
561	4893
573	4894
668	4895
688	4896
814	4897
866	4898
870	4899
883	4900
1043	4901
1049	4902
1095	4903
1178	4904
1245	4905
1247	4906
1382	4907
1536	4908
1620	4909
1704	4910
1725	4911
2074	4912
2099	4913
2196	4914
2343	4915
2377	4916
2396	4917
2415	4918
2426	4919
2831	4920
2954	4921
2971	4922
3115	4923
3190	4924
3214	4925
3215	4926
3385	4927
3446	4928
3508	4929
3573	4930
3627	4931
3719	4932
3744	4933
3814	4934
4151	4935
4164	4936
4246	4937
4278	4938
4331	4939
4474	4940
4495	4941
4565	4942
4594	4943
4778	4944
4820	4945
4876	4946
5150	4947
5162	4948
5191	4949
5203	4950
5343	4951
5372	4952
5462	4953
5589	4954
5612	4955
5799	4956
5935	4957
5936	4958
5973	4959
6027	4960
16	4961
211	4962
381	4963
586	4964
680	4965
756	4966
826	4967
886	4968
972	4969
1085	4970
1432	4971
1435	4972
1651	4973
1862	4974
1979	4975
1990	4976
2048	4977
2049	4978
2123	4979
2183	4980
2189	4981
2257	4982
2312	4983
2314	4984
2358	4985
2432	4986
2464	4987
2578	4988
2725	4989
2741	4990
2839	4991
2875	4992
3144	4993
3252	4994
3429	4995
3494	4996
3541	4997
3606	4998
3708	4999
3785	5000
4366	5001
4513	5002
4710	5003
4805	5004
5022	5005
5067	5006
5199	5007
5213	5008
5235	5009
5240	5010
5244	5011
5304	5012
5315	5013
5440	5014
5859	5015
5914	5016
5923	5017
6008	5018
215	5019
248	5020
397	5021
443	5022
484	5023
542	5024
632	5025
852	5026
892	5027
1081	5028
1512	5029
1633	5030
1732	5031
1772	5032
1888	5033
1953	5034
2019	5035
2150	5036
2159	5037
2218	5038
2433	5039
2697	5040
2721	5041
3008	5042
3102	5043
3194	5044
3581	5045
3936	5046
4052	5047
4307	5048
4399	5049
4462	5050
4536	5051
4616	5052
4941	5053
5045	5054
5125	5055
5259	5056
5476	5057
5478	5058
5546	5059
5640	5060
5660	5061
5945	5062
243	5063
290	5064
606	5065
738	5066
807	5067
901	5068
946	5069
1025	5070
1091	5071
1111	5072
1477	5073
1510	5074
1619	5075
1872	5076
1876	5077
1971	5078
2204	5079
2479	5080
2568	5081
2574	5082
2639	5083
2827	5084
2851	5085
2869	5086
3354	5087
3355	5088
3502	5089
3554	5090
3647	5091
3862	5092
3956	5093
4113	5094
4189	5095
4273	5096
4314	5097
4324	5098
4341	5099
4394	5100
4424	5101
4469	5102
4642	5103
4649	5104
4676	5105
4692	5106
4723	5107
4724	5108
4770	5109
4864	5110
5003	5111
5066	5112
5089	5113
5154	5114
5175	5115
5224	5116
5436	5117
5549	5118
5590	5119
5681	5120
5873	5121
5968	5122
5979	5123
6017	5124
144	5125
196	5126
399	5127
407	5128
459	5129
492	5130
627	5131
700	5132
747	5133
1007	5134
1098	5135
1256	5136
1269	5137
1332	5138
1379	5139
1469	5140
1478	5141
1526	5142
1718	5143
1788	5144
2080	5145
2474	5146
2505	5147
2667	5148
2709	5149
2739	5150
3061	5151
3078	5152
3238	5153
3298	5154
3369	5155
3373	5156
3655	5157
3738	5158
3743	5159
3748	5160
3932	5161
4108	5162
4338	5163
4629	5164
4657	5165
4668	5166
4719	5167
4923	5168
5144	5169
5202	5170
5373	5171
5666	5172
5760	5173
5816	5174
5818	5175
5866	5176
5867	5177
5919	5178
5941	5179
7	5180
79	5181
84	5182
189	5183
228	5184
247	5185
938	5186
992	5187
1187	5188
1188	5189
1445	5190
1554	5191
1578	5192
1808	5193
1911	5194
2065	5195
2253	5196
2363	5197
2384	5198
2512	5199
2514	5200
2531	5201
2532	5202
2587	5203
2658	5204
2940	5205
2960	5206
3152	5207
3372	5208
3566	5209
3595	5210
3628	5211
3722	5212
4069	5213
4275	5214
4358	5215
4402	5216
4722	5217
4863	5218
4874	5219
5088	5220
5214	5221
5247	5222
5292	5223
5495	5224
5611	5225
5695	5226
5713	5227
5835	5228
5839	5229
6029	5230
191	5231
206	5232
269	5233
784	5234
997	5235
1118	5236
1123	5237
1229	5238
1237	5239
1240	5240
1275	5241
1439	5242
1529	5243
1669	5244
1811	5245
1829	5246
1830	5247
1933	5248
2052	5249
2086	5250
2184	5251
2412	5252
2614	5253
2710	5254
2821	5255
2981	5256
3164	5257
3165	5258
3168	5259
3392	5260
3583	5261
3798	5262
3977	5263
4097	5264
4395	5265
4441	5266
4545	5267
4695	5268
4743	5269
4787	5270
4846	5271
4885	5272
5051	5273
5146	5274
5149	5275
5221	5276
5245	5277
5297	5278
5743	5279
5773	5280
5793	5281
5819	5282
5834	5283
5901	5284
5934	5285
5944	5286
5984	5287
5993	5288
71	5289
221	5290
234	5291
246	5292
282	5293
440	5294
483	5295
503	5296
545	5297
683	5298
758	5299
815	5300
917	5301
1003	5302
1192	5303
1270	5304
1313	5305
1417	5306
1444	5307
1479	5308
1508	5309
1535	5310
1550	5311
1573	5312
1668	5313
1711	5314
1754	5315
1994	5316
2066	5317
2107	5318
2210	5319
2220	5320
2357	5321
2364	5322
2369	5323
2417	5324
2442	5325
2511	5326
2601	5327
2602	5328
2653	5329
2758	5330
2775	5331
3104	5332
3247	5333
3276	5334
3351	5335
3381	5336
3397	5337
3459	5338
3535	5339
3544	5340
3632	5341
3730	5342
3795	5343
4129	5344
4196	5345
4282	5346
4630	5347
4751	5348
4844	5349
4969	5350
4970	5351
5160	5352
5206	5353
5266	5354
5375	5355
5527	5356
5577	5357
5814	5358
5898	5359
5909	5360
227	5361
364	5362
367	5363
578	5364
719	5365
835	5366
874	5367
941	5368
1039	5369
1171	5370
1225	5371
1319	5372
1346	5373
1453	5374
1460	5375
1568	5376
1610	5377
1686	5378
1787	5379
1823	5380
1893	5381
1936	5382
2277	5383
2296	5384
2325	5385
2867	5386
2871	5387
2932	5388
3034	5389
3132	5390
3264	5391
3286	5392
3545	5393
3826	5394
3928	5395
3960	5396
4025	5397
4100	5398
4106	5399
4500	5400
4542	5401
4550	5402
4822	5403
4873	5404
4891	5405
4955	5406
4968	5407
4971	5408
4974	5409
4996	5410
5030	5411
5130	5412
5171	5413
5231	5414
5383	5415
5398	5416
5586	5417
5656	5418
5672	5419
5983	5420
64	5421
283	5422
298	5423
304	5424
373	5425
427	5426
511	5427
589	5428
599	5429
642	5430
686	5431
1102	5432
1190	5433
1394	5434
1471	5435
1539	5436
1652	5437
1682	5438
1821	5439
1838	5440
1929	5441
1989	5442
2028	5443
2193	5444
2287	5445
2375	5446
2413	5447
2441	5448
2450	5449
2563	5450
2598	5451
2956	5452
2965	5453
3019	5454
3043	5455
3122	5456
3149	5457
3187	5458
3335	5459
3366	5460
3375	5461
3440	5462
3604	5463
3764	5464
3765	5465
3797	5466
4216	5467
4256	5468
4288	5469
4349	5470
4385	5471
4410	5472
4583	5473
4696	5474
4698	5475
4730	5476
4756	5477
4986	5478
5152	5479
5370	5480
5407	5481
5467	5482
5541	5483
5781	5484
5784	5485
5999	5486
66	5487
153	5488
164	5489
168	5490
200	5491
313	5492
361	5493
468	5494
763	5495
771	5496
841	5497
900	5498
969	5499
1046	5500
1083	5501
1166	5502
1541	5503
1558	5504
1622	5505
1703	5506
1719	5507
1763	5508
1766	5509
1886	5510
1898	5511
1906	5512
2135	5513
2379	5514
2431	5515
2443	5516
2449	5517
2524	5518
2767	5519
3009	5520
3030	5521
3071	5522
3124	5523
3212	5524
3288	5525
3307	5526
3325	5527
3404	5528
3448	5529
3548	5530
3725	5531
3870	5532
3918	5533
4074	5534
4163	5535
4184	5536
4191	5537
4400	5538
4564	5539
4988	5540
5155	5541
5243	5542
5280	5543
5351	5544
5697	5545
5719	5546
5817	5547
5883	5548
14	5549
41	5550
55	5551
209	5552
345	5553
455	5554
488	5555
491	5556
527	5557
565	5558
568	5559
607	5560
745	5561
751	5562
902	5563
942	5564
1189	5565
1249	5566
1518	5567
1653	5568
1656	5569
1662	5570
1795	5571
2044	5572
2045	5573
2053	5574
2141	5575
2260	5576
2269	5577
2538	5578
2542	5579
2618	5580
2706	5581
2713	5582
2717	5583
2763	5584
2879	5585
2925	5586
3160	5587
3179	5588
3181	5589
3303	5590
3443	5591
3496	5592
3863	5593
3911	5594
3959	5595
3972	5596
4019	5597
4109	5598
4145	5599
4146	5600
4304	5601
4340	5602
4372	5603
4392	5604
4396	5605
4504	5606
4537	5607
4549	5608
4636	5609
4755	5610
4758	5611
4776	5612
4792	5613
5043	5614
5069	5615
5073	5616
5110	5617
5274	5618
5358	5619
5471	5620
5477	5621
5694	5622
5962	5623
20	5624
43	5625
152	5626
171	5627
353	5628
489	5629
497	5630
502	5631
723	5632
898	5633
1154	5634
1174	5635
1197	5636
1213	5637
1234	5638
1236	5639
1309	5640
1310	5641
1412	5642
1429	5643
1515	5644
1566	5645
1604	5646
1730	5647
1771	5648
1840	5649
1849	5650
1907	5651
1967	5652
1991	5653
2182	5654
2356	5655
2434	5656
2543	5657
2647	5658
2716	5659
2735	5660
2920	5661
2984	5662
3040	5663
3244	5664
3282	5665
3287	5666
3330	5667
3421	5668
3783	5669
3788	5670
3838	5671
3933	5672
3939	5673
4008	5674
4010	5675
4073	5676
4142	5677
4143	5678
4166	5679
4201	5680
4211	5681
4254	5682
4270	5683
4325	5684
4348	5685
4421	5686
4576	5687
4752	5688
4851	5689
5062	5690
5119	5691
5228	5692
5381	5693
5388	5694
5400	5695
5411	5696
5579	5697
5606	5698
5608	5699
5635	5700
5690	5701
5696	5702
5796	5703
5932	5704
12	5705
124	5706
141	5707
172	5708
207	5709
254	5710
276	5711
395	5712
448	5713
592	5714
600	5715
617	5716
775	5717
782	5718
790	5719
1336	5720
1485	5721
1520	5722
1596	5723
1612	5724
1864	5725
1914	5726
1918	5727
2152	5728
2209	5729
2252	5730
2268	5731
2311	5732
2339	5733
2345	5734
2347	5735
2385	5736
2440	5737
2470	5738
2549	5739
2553	5740
2646	5741
2671	5742
2687	5743
2690	5744
2707	5745
2722	5746
2729	5747
2755	5748
2799	5749
2813	5750
3027	5751
3236	5752
3254	5753
3396	5754
3455	5755
3634	5756
3636	5757
3915	5758
4038	5759
4154	5760
4158	5761
4197	5762
4202	5763
4209	5764
4228	5765
4413	5766
4427	5767
4492	5768
4622	5769
4672	5770
4703	5771
4839	5772
4900	5773
4926	5774
5007	5775
5028	5776
5122	5777
5320	5778
5391	5779
5628	5780
5735	5781
5800	5782
5876	5783
5918	5784
6012	5785
21	5786
47	5787
128	5788
158	5789
197	5790
213	5791
277	5792
315	5793
384	5794
417	5795
619	5796
827	5797
986	5798
1144	5799
1157	5800
1384	5801
1385	5802
1416	5803
1454	5804
1456	5805
1582	5806
1621	5807
1674	5808
1708	5809
1813	5810
1848	5811
1892	5812
1927	5813
1964	5814
1986	5815
2108	5816
2295	5817
2388	5818
2399	5819
2467	5820
2490	5821
2516	5822
2582	5823
2613	5824
2626	5825
2657	5826
2705	5827
2816	5828
2834	5829
2836	5830
2902	5831
2982	5832
3076	5833
3542	5834
3570	5835
3623	5836
3739	5837
3802	5838
3803	5839
3877	5840
4056	5841
4159	5842
4176	5843
4515	5844
4597	5845
4665	5846
4677	5847
4741	5848
4881	5849
4912	5850
4935	5851
4944	5852
5192	5853
5207	5854
5238	5855
5295	5856
5392	5857
5439	5858
5465	5859
5772	5860
5877	5861
5967	5862
4	5863
89	5864
94	5865
226	5866
317	5867
318	5868
320	5869
356	5870
383	5871
535	5872
559	5873
574	5874
640	5875
653	5876
821	5877
833	5878
906	5879
907	5880
951	5881
1070	5882
1126	5883
1226	5884
1250	5885
1282	5886
1305	5887
1307	5888
1318	5889
1363	5890
1431	5891
1459	5892
1488	5893
1534	5894
1549	5895
1615	5896
1713	5897
1751	5898
1783	5899
1801	5900
2207	5901
2234	5902
2336	5903
2373	5904
2422	5905
2502	5906
2527	5907
2640	5908
2644	5909
2686	5910
2893	5911
2908	5912
2923	5913
2977	5914
3068	5915
3133	5916
3176	5917
3188	5918
3225	5919
3234	5920
3275	5921
3324	5922
3388	5923
3488	5924
3495	5925
3616	5926
3642	5927
3897	5928
4065	5929
4110	5930
4230	5931
4259	5932
4264	5933
4464	5934
4548	5935
4554	5936
4558	5937
4614	5938
4871	5939
4880	5940
4943	5941
4992	5942
5052	5943
5116	5944
5117	5945
5174	5946
5409	5947
5529	5948
5804	5949
5810	5950
5863	5951
5899	5952
6034	5953
98	5954
160	5955
217	5956
250	5957
311	5958
341	5959
421	5960
572	5961
665	5962
703	5963
708	5964
761	5965
932	5966
947	5967
1351	5968
1406	5969
1452	5970
1493	5971
1664	5972
1844	5973
1993	5974
2037	5975
2061	5976
2111	5977
2128	5978
2133	5979
2160	5980
2292	5981
2381	5982
2488	5983
2530	5984
2584	5985
2673	5986
2696	5987
2714	5988
2759	5989
2819	5990
2884	5991
2930	5992
3021	5993
3222	5994
3273	5995
3291	5996
3376	5997
3407	5998
3530	5999
3552	6000
3633	6001
3787	6002
3883	6003
3969	6004
4068	6005
4178	6006
4192	6007
4244	6008
4332	6009
4365	6010
4383	6011
4393	6012
4398	6013
4419	6014
4463	6015
4525	6016
4527	6017
4547	6018
4628	6019
4749	6020
4775	6021
4991	6022
5012	6023
5027	6024
5145	6025
5159	6026
5168	6027
5215	6028
5216	6029
5258	6030
5309	6031
5314	6032
5380	6033
5525	6034
5533	6035
5725	6036
5828	6037
5904	6038
6038	6039