6040	3706	1000209
Sparsity : 95.53%
Min/Max/Avg. ratings per users : 20 2314 165.60
Min/Max/Avg. ratings per items : 1 3428 269.89
User_id	Number of ratings
0	2314
1	1850
2	1743
3	1595
4	1521
5	1518
6	1344
7	1323
8	1302
9	1286
10	1277
11	1271
12	1260
13	1258
14	1243
15	1240
16	1226
17	1222
18	1220
19	1216
20	1216
21	1211
22	1176
23	1169
24	1158
25	1152
26	1144
27	1115
28	1078
29	1050
30	1047
31	1038
32	1024
33	1019
34	1018
35	1016
36	1014
37	1009
38	1006
39	1004
40	1000
41	999
42	990
43	982
44	971
45	967
46	964
47	962
48	957
49	955
50	947
51	941
52	939
53	939
54	934
55	928
56	923
57	920
58	915
59	914
60	909
61	903
62	900
63	894
64	893
65	893
66	888
67	885
68	883
69	882
70	882
71	875
72	874
73	873
74	873
75	870
76	868
77	867
78	865
79	862
80	859
81	858
82	855
83	853
84	852
85	849
86	849
87	849
88	848
89	844
90	842
91	839
92	839
93	837
94	837
95	836
96	829
97	828
98	826
99	825
100	825
101	825
102	824
103	822
104	822
105	822
106	821
107	819
108	815
109	812
110	805
111	800
112	799
113	795
114	795
115	794
116	793
117	792
118	789
119	788
120	785
121	784
122	782
123	782
124	778
125	775
126	774
127	770
128	768
129	766
130	765
131	765
132	764
133	764
134	761
135	761
136	759
137	756
138	754
139	751
140	749
141	748
142	744
143	743
144	742
145	741
146	736
147	735
148	735
149	733
150	731
151	731
152	729
153	729
154	729
155	729
156	728
157	727
158	726
159	725
160	724
161	723
162	721
163	720
164	720
165	720
166	715
167	711
168	710
169	710
170	708
171	707
172	705
173	704
174	703
175	703
176	702
177	698
178	698
179	696
180	695
181	694
182	689
183	688
184	686
185	685
186	684
187	684
188	684
189	683
190	680
191	679
192	678
193	677
194	677
195	674
196	671
197	670
198	669
199	668
200	667
201	666
202	666
203	665
204	662
205	661
206	660
207	657
208	652
209	651
210	649
211	649
212	645
213	644
214	642
215	640
216	640
217	638
218	635
219	635
220	634
221	633
222	633
223	633
224	631
225	630
226	630
227	629
228	629
229	628
230	627
231	627
232	626
233	625
234	624
235	624
236	622
237	622
238	622
239	618
240	617
241	616
242	616
243	616
244	614
245	613
246	612
247	611
248	611
249	610
250	610
251	609
252	608
253	608
254	606
255	606
256	602
257	601
258	601
259	598
260	597
261	597
262	596
263	592
264	592
265	592
266	591
267	591
268	591
269	590
270	589
271	589
272	587
273	586
274	585
275	584
276	583
277	582
278	580
279	580
280	578
281	576
282	573
283	572
284	572
285	570
286	565
287	564
288	564
289	564
290	562
291	562
292	561
293	561
294	560
295	559
296	559
297	559
298	557
299	557
300	556
301	556
302	556
303	554
304	554
305	554
306	552
307	552
308	551
309	551
310	550
311	550
312	549
313	549
314	548
315	547
316	546
317	546
318	546
319	546
320	544
321	544
322	543
323	543
324	543
325	542
326	541
327	539
328	539
329	537
330	536
331	535
332	534
333	534
334	533
335	531
336	530
337	530
338	530
339	529
340	528
341	528
342	528
343	527
344	526
345	526
346	526
347	525
348	525
349	525
350	522
351	521
352	521
353	521
354	520
355	520
356	518
357	518
358	517
359	517
360	517
361	517
362	516
363	515
364	514
365	514
366	513
367	513
368	513
369	512
370	512
371	511
372	511
373	510
374	510
375	509
376	509
377	509
378	508
379	508
380	508
381	508
382	507
383	507
384	506
385	506
386	506
387	505
388	505
389	504
390	504
391	503
392	503
393	502
394	502
395	501
396	500
397	500
398	500
399	499
400	499
401	498
402	498
403	498
404	494
405	493
406	492
407	492
408	491
409	491
410	490
411	490
412	490
413	489
414	489
415	488
416	488
417	487
418	487
419	485
420	485
421	484
422	484
423	484
424	484
425	483
426	483
427	482
428	481
429	480
430	480
431	480
432	480
433	479
434	478
435	478
436	477
437	477
438	477
439	476
440	474
441	473
442	472
443	471
444	471
445	471
446	471
447	470
448	470
449	470
450	469
451	467
452	467
453	467
454	466
455	465
456	465
457	465
458	462
459	461
460	461
461	461
462	461
463	460
464	460
465	460
466	460
467	459
468	459
469	459
470	459
471	458
472	457
473	456
474	456
475	454
476	453
477	453
478	453
479	451
480	451
481	451
482	449
483	449
484	447
485	446
486	446
487	446
488	446
489	446
490	445
491	444
492	443
493	443
494	443
495	442
496	442
497	442
498	441
499	440
500	440
501	440
502	439
503	437
504	437
505	437
506	437
507	436
508	436
509	435
510	435
511	434
512	434
513	433
514	431
515	431
516	430
517	430
518	430
519	429
520	429
521	429
522	429
523	429
524	427
525	427
526	427
527	426
528	425
529	424
530	424
531	424
532	424
533	424
534	423
535	423
536	423
537	422
538	422
539	422
540	421
541	420
542	420
543	420
544	420
545	419
546	419
547	417
548	416
549	416
550	415
551	414
552	414
553	413
554	413
555	413
556	413
557	412
558	412
559	411
560	411
561	410
562	410
563	410
564	410
565	410
566	409
567	409
568	409
569	409
570	409
571	408
572	408
573	407
574	407
575	407
576	406
577	406
578	406
579	406
580	405
581	404
582	404
583	404
584	404
585	404
586	404
587	404
588	403
589	403
590	403
591	403
592	403
593	403
594	402
595	402
596	401
597	401
598	401
599	401
600	401
601	400
602	400
603	400
604	400
605	399
606	399
607	399
608	399
609	399
610	398
611	398
612	398
613	398
614	397
615	397
616	397
617	396
618	395
619	395
620	395
621	395
622	394
623	394
624	394
625	394
626	394
627	393
628	393
629	393
630	392
631	392
632	392
633	392
634	392
635	392
636	391
637	391
638	390
639	390
640	389
641	388
642	388
643	388
644	388
645	388
646	387
647	387
648	386
649	385
650	385
651	385
652	385
653	384
654	384
655	384
656	384
657	384
658	384
659	384
660	383
661	382
662	382
663	382
664	380
665	379
666	379
667	379
668	378
669	378
670	378
671	378
672	378
673	378
674	377
675	377
676	377
677	377
678	376
679	376
680	375
681	375
682	374
683	374
684	373
685	373
686	373
687	372
688	372
689	372
690	371
691	371
692	371
693	370
694	370
695	369
696	368
697	368
698	368
699	368
700	368
701	367
702	367
703	366
704	366
705	365
706	364
707	363
708	363
709	362
710	362
711	362
712	362
713	362
714	362
715	361
716	361
717	361
718	360
719	359
720	359
721	358
722	358
723	358
724	357
725	357
726	357
727	357
728	357
729	357
730	357
731	356
732	356
733	356
734	356
735	355
736	355
737	354
738	354
739	354
740	354
741	354
742	354
743	354
744	354
745	353
746	353
747	352
748	351
749	351
750	351
751	351
752	351
753	351
754	350
755	350
756	350
757	350
758	350
759	349
760	348
761	348
762	348
763	346
764	346
765	346
766	345
767	345
768	343
769	343
770	342
771	342
772	342
773	342
774	342
775	341
776	341
777	341
778	341
779	341
780	340
781	340
782	339
783	338
784	338
785	338
786	338
787	337
788	337
789	336
790	336
791	335
792	335
793	335
794	335
795	334
796	334
797	334
798	334
799	333
800	333
801	333
802	333
803	333
804	332
805	332
806	332
807	332
808	331
809	331
810	331
811	331
812	330
813	330
814	329
815	329
816	329
817	329
818	328
819	328
820	328
821	328
822	328
823	328
824	327
825	327
826	327
827	326
828	326
829	326
830	326
831	326
832	326
833	325
834	324
835	324
836	324
837	324
838	324
839	324
840	324
841	324
842	323
843	323
844	323
845	323
846	322
847	322
848	322
849	322
850	321
851	321
852	321
853	320
854	320
855	320
856	320
857	319
858	319
859	319
860	318
861	318
862	318
863	318
864	318
865	318
866	318
867	318
868	318
869	317
870	317
871	317
872	317
873	317
874	317
875	317
876	317
877	316
878	316
879	316
880	315
881	315
882	315
883	315
884	315
885	315
886	314
887	314
888	314
889	314
890	314
891	314
892	314
893	312
894	312
895	312
896	312
897	312
898	312
899	312
900	311
901	310
902	310
903	310
904	310
905	309
906	309
907	309
908	309
909	309
910	308
911	308
912	308
913	308
914	308
915	308
916	308
917	307
918	307
919	307
920	307
921	307
922	306
923	306
924	306
925	305
926	305
927	305
928	305
929	305
930	305
931	305
932	304
933	304
934	304
935	304
936	304
937	304
938	304
939	303
940	303
941	303
942	302
943	302
944	302
945	302
946	302
947	302
948	302
949	301
950	301
951	301
952	301
953	301
954	301
955	300
956	300
957	300
958	300
959	300
960	300
961	300
962	300
963	300
964	300
965	299
966	299
967	299
968	299
969	299
970	299
971	299
972	298
973	298
974	298
975	298
976	297
977	297
978	297
979	297
980	297
981	297
982	297
983	297
984	297
985	297
986	297
987	297
988	296
989	296
990	296
991	296
992	295
993	295
994	295
995	294
996	294
997	294
998	294
999	293
1000	293
1001	293
1002	293
1003	293
1004	293
1005	293
1006	293
1007	292
1008	292
1009	292
1010	291
1011	291
1012	290
1013	290
1014	290
1015	290
1016	289
1017	289
1018	289
1019	289
1020	289
1021	289
1022	289
1023	288
1024	288
1025	288
1026	287
1027	287
1028	287
1029	287
1030	287
1031	287
1032	286
1033	286
1034	286
1035	286
1036	286
1037	285
1038	285
1039	285
1040	285
1041	285
1042	285
1043	284
1044	284
1045	284
1046	284
1047	284
1048	284
1049	284
1050	284
1051	283
1052	283
1053	283
1054	283
1055	283
1056	283
1057	283
1058	282
1059	282
1060	282
1061	282
1062	282
1063	282
1064	282
1065	281
1066	280
1067	280
1068	280
1069	280
1070	280
1071	280
1072	280
1073	279
1074	279
1075	279
1076	279
1077	279
1078	279
1079	279
1080	278
1081	278
1082	278
1083	278
1084	278
1085	277
1086	277
1087	277
1088	276
1089	276
1090	276
1091	276
1092	275
1093	275
1094	274
1095	273
1096	273
1097	273
1098	273
1099	272
1100	272
1101	272
1102	272
1103	272
1104	272
1105	271
1106	271
1107	271
1108	271
1109	271
1110	271
1111	271
1112	270
1113	270
1114	270
1115	270
1116	270
1117	270
1118	269
1119	269
1120	269
1121	269
1122	268
1123	268
1124	268
1125	268
1126	268
1127	267
1128	267
1129	266
1130	266
1131	266
1132	266
1133	266
1134	266
1135	266
1136	266
1137	265
1138	265
1139	265
1140	265
1141	265
1142	264
1143	264
1144	264
1145	264
1146	264
1147	263
1148	263
1149	263
1150	263
1151	263
1152	263
1153	263
1154	263
1155	262
1156	262
1157	261
1158	261
1159	261
1160	261
1161	261
1162	261
1163	261
1164	260
1165	260
1166	260
1167	260
1168	260
1169	260
1170	260
1171	259
1172	259
1173	259
1174	259
1175	259
1176	258
1177	258
1178	258
1179	258
1180	258
1181	257
1182	257
1183	257
1184	256
1185	256
1186	256
1187	256
1188	256
1189	256
1190	256
1191	256
1192	255
1193	255
1194	255
1195	255
1196	254
1197	254
1198	254
1199	254
1200	254
1201	254
1202	254
1203	254
1204	253
1205	253
1206	253
1207	253
1208	253
1209	253
1210	253
1211	253
1212	253
1213	253
1214	253
1215	252
1216	252
1217	252
1218	251
1219	251
1220	251
1221	251
1222	251
1223	250
1224	250
1225	249
1226	249
1227	249
1228	249
1229	249
1230	248
1231	248
1232	248
1233	248
1234	248
1235	247
1236	247
1237	247
1238	247
1239	247
1240	247
1241	247
1242	246
1243	246
1244	246
1245	246
1246	246
1247	246
1248	246
1249	246
1250	245
1251	245
1252	245
1253	245
1254	244
1255	244
1256	244
1257	244
1258	243
1259	243
1260	243
1261	242
1262	242
1263	242
1264	242
1265	242
1266	242
1267	241
1268	241
1269	241
1270	241
1271	241
1272	240
1273	240
1274	240
1275	240
1276	240
1277	240
1278	239
1279	239
1280	239
1281	239
1282	239
1283	239
1284	239
1285	238
1286	238
1287	238
1288	238
1289	237
1290	237
1291	237
1292	237
1293	237
1294	236
1295	236
1296	235
1297	235
1298	235
1299	235
1300	235
1301	235
1302	235
1303	235
1304	234
1305	234
1306	234
1307	234
1308	234
1309	234
1310	233
1311	233
1312	233
1313	233
1314	233
1315	233
1316	233
1317	233
1318	233
1319	232
1320	232
1321	232
1322	232
1323	232
1324	232
1325	232
1326	232
1327	232
1328	232
1329	231
1330	231
1331	231
1332	231
1333	231
1334	231
1335	231
1336	230
1337	230
1338	230
1339	230
1340	229
1341	229
1342	229
1343	229
1344	229
1345	229
1346	229
1347	229
1348	229
1349	229
1350	229
1351	228
1352	228
1353	228
1354	228
1355	228
1356	228
1357	228
1358	228
1359	227
1360	227
1361	227
1362	227
1363	227
1364	227
1365	227
1366	227
1367	227
1368	226
1369	226
1370	226
1371	225
1372	225
1373	225
1374	225
1375	225
1376	225
1377	225
1378	225
1379	224
1380	224
1381	224
1382	224
1383	224
1384	224
1385	224
1386	224
1387	223
1388	223
1389	223
1390	223
1391	223
1392	223
1393	223
1394	223
1395	223
1396	222
1397	222
1398	222
1399	221
1400	221
1401	221
1402	221
1403	221
1404	221
1405	221
1406	221
1407	221
1408	221
1409	220
1410	220
1411	220
1412	220
1413	220
1414	220
1415	220
1416	220
1417	219
1418	219
1419	219
1420	219
1421	219
1422	219
1423	219
1424	219
1425	219
1426	219
1427	219
1428	218
1429	218
1430	218
1431	218
1432	218
1433	217
1434	217
1435	217
1436	217
1437	217
1438	217
1439	216
1440	216
1441	215
1442	215
1443	215
1444	215
1445	215
1446	214
1447	214
1448	214
1449	214
1450	214
1451	214
1452	214
1453	213
1454	213
1455	213
1456	213
1457	213
1458	213
1459	213
1460	213
1461	212
1462	212
1463	212
1464	212
1465	212
1466	212
1467	212
1468	212
1469	212
1470	212
1471	212
1472	212
1473	212
1474	212
1475	211
1476	211
1477	211
1478	211
1479	211
1480	211
1481	211
1482	211
1483	211
1484	211
1485	210
1486	210
1487	210
1488	210
1489	210
1490	210
1491	210
1492	210
1493	210
1494	210
1495	210
1496	209
1497	209
1498	209
1499	209
1500	209
1501	209
1502	209
1503	208
1504	208
1505	208
1506	208
1507	208
1508	208
1509	208
1510	208
1511	207
1512	207
1513	207
1514	207
1515	207
1516	207
1517	206
1518	206
1519	206
1520	206
1521	206
1522	206
1523	206
1524	206
1525	206
1526	206
1527	206
1528	206
1529	205
1530	205
1531	205
1532	205
1533	205
1534	205
1535	205
1536	205
1537	205
1538	204
1539	204
1540	204
1541	204
1542	204
1543	204
1544	204
1545	204
1546	204
1547	204
1548	204
1549	203
1550	203
1551	203
1552	203
1553	203
1554	203
1555	203
1556	203
1557	203
1558	203
1559	203
1560	203
1561	202
1562	202
1563	202
1564	202
1565	202
1566	202
1567	202
1568	202
1569	202
1570	202
1571	202
1572	201
1573	201
1574	201
1575	201
1576	201
1577	201
1578	200
1579	200
1580	200
1581	200
1582	200
1583	200
1584	200
1585	200
1586	200
1587	200
1588	200
1589	199
1590	199
1591	199
1592	199
1593	199
1594	199
1595	199
1596	198
1597	198
1598	198
1599	198
1600	198
1601	198
1602	198
1603	198
1604	198
1605	197
1606	197
1607	197
1608	197
1609	197
1610	197
1611	197
1612	197
1613	197
1614	197
1615	197
1616	196
1617	196
1618	196
1619	196
1620	196
1621	196
1622	196
1623	196
1624	195
1625	195
1626	195
1627	195
1628	195
1629	195
1630	195
1631	195
1632	195
1633	195
1634	195
1635	194
1636	194
1637	194
1638	194
1639	194
1640	194
1641	194
1642	194
1643	193
1644	193
1645	193
1646	193
1647	192
1648	192
1649	192
1650	192
1651	192
1652	192
1653	192
1654	191
1655	191
1656	191
1657	191
1658	191
1659	191
1660	191
1661	191
1662	191
1663	191
1664	191
1665	190
1666	190
1667	190
1668	190
1669	190
1670	190
1671	190
1672	190
1673	189
1674	189
1675	189
1676	189
1677	189
1678	189
1679	189
1680	189
1681	188
1682	188
1683	188
1684	188
1685	188
1686	188
1687	188
1688	187
1689	187
1690	187
1691	187
1692	187
1693	187
1694	187
1695	187
1696	187
1697	187
1698	187
1699	187
1700	186
1701	186
1702	186
1703	186
1704	186
1705	186
1706	186
1707	185
1708	185
1709	185
1710	185
1711	185
1712	184
1713	184
1714	184
1715	184
1716	184
1717	184
1718	184
1719	183
1720	183
1721	183
1722	183
1723	183
1724	183
1725	182
1726	182
1727	182
1728	182
1729	182
1730	182
1731	182
1732	182
1733	182
1734	182
1735	181
1736	181
1737	181
1738	181
1739	181
1740	180
1741	180
1742	180
1743	180
1744	180
1745	179
1746	179
1747	179
1748	179
1749	179
1750	179
1751	179
1752	179
1753	179
1754	179
1755	178
1756	178
1757	178
1758	178
1759	178
1760	178
1761	178
1762	178
1763	177
1764	177
1765	177
1766	177
1767	177
1768	177
1769	177
1770	177
1771	177
1772	177
1773	176
1774	176
1775	176
1776	176
1777	176
1778	175
1779	175
1780	175
1781	175
1782	175
1783	175
1784	175
1785	175
1786	175
1787	175
1788	175
1789	174
1790	174
1791	174
1792	174
1793	174
1794	174
1795	174
1796	174
1797	174
1798	174
1799	174
1800	174
1801	174
1802	174
1803	174
1804	174
1805	173
1806	173
1807	173
1808	173
1809	173
1810	173
1811	173
1812	173
1813	173
1814	173
1815	172
1816	172
1817	172
1818	172
1819	172
1820	172
1821	172
1822	172
1823	172
1824	172
1825	172
1826	172
1827	172
1828	171
1829	171
1830	171
1831	171
1832	171
1833	171
1834	171
1835	171
1836	171
1837	171
1838	171
1839	171
1840	171
1841	170
1842	170
1843	170
1844	170
1845	170
1846	170
1847	170
1848	170
1849	170
1850	170
1851	170
1852	170
1853	170
1854	170
1855	170
1856	169
1857	169
1858	169
1859	169
1860	169
1861	169
1862	169
1863	169
1864	168
1865	168
1866	168
1867	168
1868	168
1869	168
1870	168
1871	168
1872	168
1873	168
1874	168
1875	168
1876	167
1877	167
1878	167
1879	167
1880	167
1881	167
1882	167
1883	166
1884	166
1885	166
1886	166
1887	166
1888	166
1889	166
1890	166
1891	166
1892	165
1893	165
1894	165
1895	165
1896	165
1897	165
1898	165
1899	165
1900	165
1901	165
1902	165
1903	164
1904	164
1905	164
1906	164
1907	164
1908	164
1909	164
1910	163
1911	163
1912	163
1913	163
1914	163
1915	163
1916	163
1917	163
1918	163
1919	163
1920	163
1921	163
1922	163
1923	163
1924	163
1925	163
1926	162
1927	162
1928	162
1929	162
1930	162
1931	162
1932	162
1933	162
1934	162
1935	162
1936	162
1937	161
1938	161
1939	161
1940	161
1941	161
1942	161
1943	161
1944	161
1945	161
1946	161
1947	160
1948	160
1949	160
1950	160
1951	160
1952	160
1953	160
1954	160
1955	160
1956	159
1957	159
1958	159
1959	159
1960	159
1961	159
1962	159
1963	159
1964	159
1965	159
1966	159
1967	159
1968	159
1969	159
1970	159
1971	159
1972	159
1973	159
1974	159
1975	158
1976	158
1977	158
1978	158
1979	158
1980	158
1981	158
1982	158
1983	158
1984	158
1985	158
1986	158
1987	158
1988	158
1989	158
1990	158
1991	157
1992	157
1993	157
1994	157
1995	157
1996	157
1997	157
1998	157
1999	157
2000	157
2001	157
2002	157
2003	157
2004	157
2005	157
2006	157
2007	157
2008	156
2009	156
2010	156
2011	156
2012	156
2013	156
2014	156
2015	156
2016	156
2017	156
2018	156
2019	156
2020	156
2021	155
2022	155
2023	155
2024	155
2025	155
2026	155
2027	155
2028	155
2029	155
2030	155
2031	155
2032	154
2033	154
2034	154
2035	154
2036	154
2037	154
2038	154
2039	154
2040	154
2041	154
2042	154
2043	154
2044	154
2045	154
2046	154
2047	154
2048	154
2049	153
2050	153
2051	153
2052	153
2053	153
2054	153
2055	153
2056	153
2057	153
2058	153
2059	153
2060	153
2061	153
2062	152
2063	152
2064	152
2065	152
2066	152
2067	152
2068	152
2069	152
2070	152
2071	152
2072	152
2073	151
2074	151
2075	151
2076	151
2077	151
2078	151
2079	151
2080	151
2081	151
2082	151
2083	151
2084	150
2085	150
2086	150
2087	150
2088	150
2089	150
2090	150
2091	150
2092	150
2093	150
2094	150
2095	150
2096	149
2097	149
2098	149
2099	149
2100	149
2101	149
2102	149
2103	149
2104	149
2105	149
2106	149
2107	149
2108	149
2109	149
2110	149
2111	148
2112	148
2113	148
2114	148
2115	148
2116	148
2117	148
2118	148
2119	148
2120	148
2121	148
2122	148
2123	148
2124	148
2125	148
2126	148
2127	148
2128	148
2129	148
2130	148
2131	148
2132	147
2133	147
2134	147
2135	147
2136	147
2137	147
2138	147
2139	147
2140	147
2141	147
2142	147
2143	147
2144	146
2145	146
2146	146
2147	146
2148	146
2149	146
2150	146
2151	146
2152	146
2153	146
2154	146
2155	146
2156	146
2157	145
2158	145
2159	145
2160	145
2161	145
2162	145
2163	145
2164	145
2165	145
2166	145
2167	145
2168	145
2169	144
2170	144
2171	144
2172	144
2173	144
2174	144
2175	144
2176	144
2177	144
2178	144
2179	144
2180	144
2181	143
2182	143
2183	143
2184	143
2185	143
2186	143
2187	143
2188	143
2189	143
2190	143
2191	143
2192	143
2193	143
2194	143
2195	143
2196	143
2197	143
2198	142
2199	142
2200	142
2201	142
2202	142
2203	142
2204	142
2205	142
2206	142
2207	141
2208	141
2209	141
2210	141
2211	141
2212	141
2213	141
2214	141
2215	140
2216	140
2217	140
2218	140
2219	140
2220	140
2221	140
2222	140
2223	140
2224	140
2225	140
2226	140
2227	139
2228	139
2229	139
2230	139
2231	139
2232	139
2233	139
2234	139
2235	139
2236	139
2237	139
2238	139
2239	139
2240	139
2241	138
2242	138
2243	138
2244	138
2245	138
2246	138
2247	138
2248	138
2249	138
2250	138
2251	138
2252	138
2253	138
2254	138
2255	138
2256	137
2257	137
2258	137
2259	137
2260	137
2261	137
2262	137
2263	137
2264	137
2265	137
2266	137
2267	137
2268	136
2269	136
2270	136
2271	136
2272	136
2273	136
2274	136
2275	136
2276	136
2277	136
2278	136
2279	136
2280	136
2281	136
2282	135
2283	135
2284	135
2285	135
2286	135
2287	135
2288	135
2289	135
2290	135
2291	135
2292	135
2293	135
2294	135
2295	135
2296	134
2297	134
2298	134
2299	134
2300	134
2301	134
2302	134
2303	134
2304	134
2305	134
2306	133
2307	133
2308	133
2309	133
2310	133
2311	133
2312	133
2313	133
2314	133
2315	133
2316	132
2317	132
2318	132
2319	132
2320	132
2321	132
2322	132
2323	132
2324	132
2325	132
2326	132
2327	132
2328	132
2329	132
2330	132
2331	132
2332	132
2333	132
2334	132
2335	132
2336	132
2337	132
2338	131
2339	131
2340	131
2341	131
2342	131
2343	131
2344	131
2345	131
2346	131
2347	131
2348	131
2349	130
2350	130
2351	130
2352	130
2353	130
2354	130
2355	130
2356	130
2357	130
2358	130
2359	130
2360	130
2361	130
2362	130
2363	129
2364	129
2365	129
2366	129
2367	129
2368	129
2369	129
2370	129
2371	129
2372	129
2373	129
2374	129
2375	129
2376	129
2377	129
2378	128
2379	128
2380	128
2381	128
2382	128
2383	128
2384	128
2385	128
2386	128
2387	128
2388	127
2389	127
2390	127
2391	127
2392	127
2393	127
2394	127
2395	127
2396	127
2397	127
2398	127
2399	127
2400	127
2401	127
2402	127
2403	127
2404	126
2405	126
2406	126
2407	126
2408	126
2409	126
2410	126
2411	126
2412	126
2413	126
2414	126
2415	126
2416	126
2417	126
2418	126
2419	126
2420	126
2421	126
2422	126
2423	126
2424	126
2425	126
2426	126
2427	126
2428	126
2429	125
2430	125
2431	125
2432	125
2433	125
2434	125
2435	125
2436	125
2437	125
2438	125
2439	125
2440	125
2441	125
2442	125
2443	125
2444	125
2445	125
2446	125
2447	125
2448	125
2449	125
2450	125
2451	125
2452	125
2453	124
2454	124
2455	124
2456	124
2457	124
2458	124
2459	124
2460	124
2461	124
2462	124
2463	124
2464	124
2465	124
2466	124
2467	124
2468	124
2469	124
2470	124
2471	124
2472	124
2473	123
2474	123
2475	123
2476	123
2477	123
2478	123
2479	123
2480	123
2481	123
2482	123
2483	123
2484	123
2485	123
2486	123
2487	123
2488	123
2489	122
2490	122
2491	122
2492	122
2493	122
2494	122
2495	122
2496	122
2497	122
2498	122
2499	122
2500	122
2501	122
2502	122
2503	122
2504	122
2505	122
2506	121
2507	121
2508	121
2509	121
2510	121
2511	121
2512	121
2513	121
2514	121
2515	121
2516	121
2517	121
2518	121
2519	121
2520	121
2521	121
2522	120
2523	120
2524	120
2525	120
2526	120
2527	120
2528	120
2529	120
2530	120
2531	120
2532	120
2533	120
2534	120
2535	120
2536	120
2537	120
2538	120
2539	120
2540	120
2541	120
2542	119
2543	119
2544	119
2545	119
2546	119
2547	119
2548	119
2549	119
2550	119
2551	119
2552	119
2553	119
2554	119
2555	119
2556	119
2557	119
2558	119
2559	119
2560	119
2561	118
2562	118
2563	118
2564	118
2565	118
2566	118
2567	118
2568	118
2569	118
2570	118
2571	118
2572	118
2573	118
2574	118
2575	118
2576	118
2577	117
2578	117
2579	117
2580	117
2581	117
2582	117
2583	117
2584	117
2585	117
2586	117
2587	117
2588	117
2589	117
2590	117
2591	117
2592	117
2593	117
2594	117
2595	117
2596	117
2597	116
2598	116
2599	116
2600	116
2601	116
2602	116
2603	116
2604	116
2605	116
2606	116
2607	116
2608	116
2609	116
2610	116
2611	116
2612	116
2613	116
2614	116
2615	116
2616	116
2617	116
2618	116
2619	115
2620	115
2621	115
2622	115
2623	115
2624	115
2625	115
2626	115
2627	115
2628	115
2629	115
2630	115
2631	115
2632	115
2633	115
2634	115
2635	115
2636	114
2637	114
2638	114
2639	114
2640	114
2641	114
2642	114
2643	114
2644	114
2645	114
2646	114
2647	114
2648	114
2649	114
2650	114
2651	114
2652	114
2653	113
2654	113
2655	113
2656	113
2657	113
2658	113
2659	113
2660	113
2661	113
2662	113
2663	113
2664	113
2665	113
2666	113
2667	112
2668	112
2669	112
2670	112
2671	112
2672	112
2673	112
2674	112
2675	112
2676	112
2677	112
2678	112
2679	111
2680	111
2681	111
2682	111
2683	111
2684	111
2685	111
2686	111
2687	111
2688	111
2689	111
2690	111
2691	111
2692	111
2693	111
2694	110
2695	110
2696	110
2697	110
2698	110
2699	110
2700	110
2701	110
2702	110
2703	110
2704	110
2705	110
2706	110
2707	110
2708	110
2709	110
2710	110
2711	109
2712	109
2713	109
2714	109
2715	109
2716	109
2717	109
2718	109
2719	109
2720	109
2721	109
2722	109
2723	109
2724	109
2725	108
2726	108
2727	108
2728	108
2729	108
2730	108
2731	108
2732	108
2733	108
2734	108
2735	108
2736	108
2737	108
2738	108
2739	108
2740	108
2741	108
2742	108
2743	108
2744	108
2745	108
2746	108
2747	108
2748	107
2749	107
2750	107
2751	107
2752	107
2753	107
2754	107
2755	107
2756	107
2757	107
2758	107
2759	107
2760	107
2761	106
2762	106
2763	106
2764	106
2765	106
2766	106
2767	106
2768	106
2769	106
2770	106
2771	106
2772	106
2773	106
2774	106
2775	106
2776	106
2777	106
2778	106
2779	106
2780	105
2781	105
2782	105
2783	105
2784	105
2785	105
2786	105
2787	105
2788	105
2789	105
2790	105
2791	105
2792	105
2793	105
2794	105
2795	105
2796	105
2797	105
2798	105
2799	105
2800	105
2801	105
2802	105
2803	105
2804	105
2805	104
2806	104
2807	104
2808	104
2809	104
2810	104
2811	104
2812	104
2813	104
2814	104
2815	104
2816	104
2817	104
2818	104
2819	104
2820	104
2821	104
2822	104
2823	104
2824	104
2825	104
2826	104
2827	104
2828	104
2829	103
2830	103
2831	103
2832	103
2833	103
2834	103
2835	103
2836	103
2837	103
2838	103
2839	103
2840	103
2841	103
2842	103
2843	103
2844	103
2845	103
2846	103
2847	103
2848	103
2849	103
2850	103
2851	103
2852	103
2853	103
2854	103
2855	103
2856	103
2857	102
2858	102
2859	102
2860	102
2861	102
2862	102
2863	102
2864	102
2865	102
2866	102
2867	102
2868	102
2869	102
2870	102
2871	102
2872	102
2873	102
2874	102
2875	102
2876	102
2877	102
2878	102
2879	102
2880	102
2881	102
2882	102
2883	102
2884	102
2885	102
2886	101
2887	101
2888	101
2889	101
2890	101
2891	101
2892	101
2893	101
2894	101
2895	101
2896	101
2897	101
2898	101
2899	101
2900	101
2901	101
2902	101
2903	101
2904	101
2905	101
2906	101
2907	101
2908	101
2909	100
2910	100
2911	100
2912	100
2913	100
2914	100
2915	100
2916	100
2917	100
2918	100
2919	100
2920	100
2921	100
2922	100
2923	100
2924	100
2925	100
2926	100
2927	100
2928	100
2929	100
2930	100
2931	100
2932	100
2933	100
2934	100
2935	100
2936	100
2937	100
2938	100
2939	100
2940	100
2941	100
2942	100
2943	100
2944	100
2945	99
2946	99
2947	99
2948	99
2949	99
2950	99
2951	99
2952	99
2953	99
2954	99
2955	99
2956	99
2957	99
2958	99
2959	99
2960	99
2961	99
2962	98
2963	98
2964	98
2965	98
2966	98
2967	98
2968	98
2969	98
2970	98
2971	98
2972	98
2973	98
2974	98
2975	98
2976	98
2977	98
2978	98
2979	98
2980	98
2981	97
2982	97
2983	97
2984	97
2985	97
2986	97
2987	97
2988	97
2989	97
2990	97
2991	97
2992	97
2993	97
2994	97
2995	97
2996	97
2997	97
2998	97
2999	97
3000	97
3001	97
3002	96
3003	96
3004	96
3005	96
3006	96
3007	96
3008	96
3009	96
3010	96
3011	96
3012	96
3013	96
3014	96
3015	96
3016	96
3017	96
3018	96
3019	96
3020	96
3021	95
3022	95
3023	95
3024	95
3025	95
3026	95
3027	95
3028	95
3029	95
3030	95
3031	95
3032	95
3033	95
3034	95
3035	95
3036	95
3037	95
3038	94
3039	94
3040	94
3041	94
3042	94
3043	94
3044	94
3045	94
3046	94
3047	94
3048	94
3049	94
3050	94
3051	94
3052	94
3053	94
3054	94
3055	94
3056	94
3057	93
3058	93
3059	93
3060	93
3061	93
3062	93
3063	93
3064	93
3065	93
3066	93
3067	93
3068	92
3069	92
3070	92
3071	92
3072	92
3073	92
3074	92
3075	92
3076	92
3077	92
3078	92
3079	92
3080	92
3081	92
3082	92
3083	92
3084	92
3085	92
3086	92
3087	92
3088	92
3089	92
3090	92
3091	92
3092	92
3093	91
3094	91
3095	91
3096	91
3097	91
3098	91
3099	91
3100	91
3101	91
3102	91
3103	91
3104	91
3105	91
3106	91
3107	91
3108	91
3109	91
3110	91
3111	91
3112	91
3113	91
3114	90
3115	90
3116	90
3117	90
3118	90
3119	90
3120	90
3121	90
3122	90
3123	90
3124	90
3125	90
3126	90
3127	90
3128	90
3129	90
3130	90
3131	90
3132	90
3133	89
3134	89
3135	89
3136	89
3137	89
3138	89
3139	89
3140	89
3141	89
3142	89
3143	89
3144	89
3145	89
3146	89
3147	89
3148	89
3149	89
3150	89
3151	89
3152	89
3153	89
3154	89
3155	89
3156	89
3157	89
3158	88
3159	88
3160	88
3161	88
3162	88
3163	88
3164	88
3165	88
3166	88
3167	88
3168	88
3169	88
3170	88
3171	88
3172	88
3173	88
3174	88
3175	88
3176	88
3177	88
3178	87
3179	87
3180	87
3181	87
3182	87
3183	87
3184	87
3185	87
3186	87
3187	87
3188	87
3189	87
3190	87
3191	87
3192	87
3193	87
3194	87
3195	87
3196	87
3197	86
3198	86
3199	86
3200	86
3201	86
3202	86
3203	86
3204	86
3205	86
3206	86
3207	86
3208	86
3209	86
3210	86
3211	86
3212	86
3213	86
3214	86
3215	86
3216	86
3217	86
3218	86
3219	86
3220	85
3221	85
3222	85
3223	85
3224	85
3225	85
3226	85
3227	85
3228	85
3229	85
3230	85
3231	85
3232	85
3233	85
3234	85
3235	85
3236	85
3237	85
3238	85
3239	85
3240	85
3241	85
3242	85
3243	85
3244	85
3245	84
3246	84
3247	84
3248	84
3249	84
3250	84
3251	84
3252	84
3253	84
3254	84
3255	84
3256	84
3257	84
3258	84
3259	84
3260	84
3261	84
3262	84
3263	84
3264	84
3265	84
3266	83
3267	83
3268	83
3269	83
3270	83
3271	83
3272	83
3273	83
3274	83
3275	83
3276	83
3277	83
3278	83
3279	83
3280	83
3281	83
3282	83
3283	83
3284	83
3285	83
3286	82
3287	82
3288	82
3289	82
3290	82
3291	82
3292	82
3293	82
3294	82
3295	82
3296	82
3297	82
3298	82
3299	82
3300	82
3301	82
3302	82
3303	82
3304	81
3305	81
3306	81
3307	81
3308	81
3309	81
3310	81
3311	81
3312	81
3313	81
3314	81
3315	81
3316	81
3317	81
3318	81
3319	81
3320	81
3321	81
3322	81
3323	81
3324	81
3325	81
3326	81
3327	81
3328	81
3329	81
3330	81
3331	81
3332	81
3333	81
3334	81
3335	80
3336	80
3337	80
3338	80
3339	80
3340	80
3341	80
3342	80
3343	80
3344	80
3345	80
3346	80
3347	80
3348	80
3349	80
3350	80
3351	80
3352	80
3353	80
3354	80
3355	80
3356	80
3357	79
3358	79
3359	79
3360	79
3361	79
3362	79
3363	79
3364	79
3365	79
3366	79
3367	79
3368	79
3369	79
3370	79
3371	79
3372	79
3373	79
3374	79
3375	79
3376	78
3377	78
3378	78
3379	78
3380	78
3381	78
3382	78
3383	78
3384	78
3385	78
3386	78
3387	78
3388	78
3389	78
3390	78
3391	78
3392	78
3393	78
3394	78
3395	78
3396	78
3397	78
3398	78
3399	78
3400	78
3401	78
3402	78
3403	78
3404	78
3405	77
3406	77
3407	77
3408	77
3409	77
3410	77
3411	77
3412	77
3413	77
3414	77
3415	77
3416	77
3417	77
3418	77
3419	77
3420	77
3421	77
3422	77
3423	77
3424	77
3425	77
3426	77
3427	77
3428	77
3429	77
3430	77
3431	77
3432	77
3433	77
3434	77
3435	77
3436	76
3437	76
3438	76
3439	76
3440	76
3441	76
3442	76
3443	76
3444	76
3445	76
3446	76
3447	76
3448	76
3449	76
3450	76
3451	76
3452	76
3453	76
3454	76
3455	76
3456	76
3457	76
3458	76
3459	76
3460	76
3461	76
3462	75
3463	75
3464	75
3465	75
3466	75
3467	75
3468	75
3469	75
3470	75
3471	75
3472	75
3473	75
3474	75
3475	75
3476	75
3477	75
3478	75
3479	75
3480	75
3481	75
3482	74
3483	74
3484	74
3485	74
3486	74
3487	74
3488	74
3489	74
3490	74
3491	74
3492	74
3493	74
3494	74
3495	74
3496	74
3497	74
3498	74
3499	74
3500	74
3501	74
3502	74
3503	74
3504	74
3505	74
3506	74
3507	74
3508	74
3509	74
3510	74
3511	73
3512	73
3513	73
3514	73
3515	73
3516	73
3517	73
3518	73
3519	73
3520	73
3521	73
3522	73
3523	73
3524	73
3525	73
3526	73
3527	73
3528	73
3529	73
3530	73
3531	73
3532	73
3533	73
3534	73
3535	73
3536	73
3537	72
3538	72
3539	72
3540	72
3541	72
3542	72
3543	72
3544	72
3545	72
3546	72
3547	72
3548	72
3549	72
3550	72
3551	72
3552	72
3553	72
3554	72
3555	72
3556	72
3557	72
3558	72
3559	72
3560	72
3561	72
3562	72
3563	72
3564	72
3565	72
3566	71
3567	71
3568	71
3569	71
3570	71
3571	71
3572	71
3573	71
3574	71
3575	71
3576	71
3577	71
3578	71
3579	71
3580	71
3581	71
3582	71
3583	71
3584	71
3585	71
3586	71
3587	71
3588	71
3589	71
3590	71
3591	71
3592	71
3593	71
3594	71
3595	71
3596	71
3597	71
3598	70
3599	70
3600	70
3601	70
3602	70
3603	70
3604	70
3605	70
3606	70
3607	70
3608	70
3609	70
3610	70
3611	70
3612	70
3613	70
3614	70
3615	70
3616	70
3617	70
3618	70
3619	70
3620	70
3621	70
3622	70
3623	70
3624	70
3625	70
3626	70
3627	70
3628	70
3629	70
3630	70
3631	69
3632	69
3633	69
3634	69
3635	69
3636	69
3637	69
3638	69
3639	69
3640	69
3641	69
3642	69
3643	69
3644	69
3645	69
3646	69
3647	69
3648	69
3649	69
3650	69
3651	69
3652	69
3653	69
3654	68
3655	68
3656	68
3657	68
3658	68
3659	68
3660	68
3661	68
3662	68
3663	68
3664	68
3665	68
3666	68
3667	68
3668	68
3669	68
3670	68
3671	68
3672	68
3673	68
3674	68
3675	68
3676	68
3677	68
3678	68
3679	68
3680	68
3681	68
3682	67
3683	67
3684	67
3685	67
3686	67
3687	67
3688	67
3689	67
3690	67
3691	67
3692	67
3693	67
3694	67
3695	67
3696	67
3697	67
3698	67
3699	67
3700	67
3701	67
3702	67
3703	67
3704	67
3705	67
3706	67
3707	67
3708	67
3709	67
3710	67
3711	67
3712	67
3713	67
3714	67
3715	67
3716	67
3717	66
3718	66
3719	66
3720	66
3721	66
3722	66
3723	66
3724	66
3725	66
3726	66
3727	66
3728	66
3729	66
3730	66
3731	66
3732	66
3733	66
3734	66
3735	66
3736	66
3737	66
3738	66
3739	66
3740	66
3741	66
3742	65
3743	65
3744	65
3745	65
3746	65
3747	65
3748	65
3749	65
3750	65
3751	65
3752	65
3753	65
3754	65
3755	65
3756	65
3757	65
3758	65
3759	65
3760	65
3761	65
3762	65
3763	65
3764	65
3765	65
3766	65
3767	65
3768	65
3769	65
3770	65
3771	64
3772	64
3773	64
3774	64
3775	64
3776	64
3777	64
3778	64
3779	64
3780	64
3781	64
3782	64
3783	64
3784	64
3785	64
3786	64
3787	64
3788	64
3789	64
3790	64
3791	64
3792	64
3793	64
3794	64
3795	64
3796	64
3797	64
3798	64
3799	64
3800	64
3801	64
3802	64
3803	64
3804	64
3805	64
3806	64
3807	64
3808	64
3809	64
3810	64
3811	64
3812	64
3813	63
3814	63
3815	63
3816	63
3817	63
3818	63
3819	63
3820	63
3821	63
3822	63
3823	63
3824	63
3825	63
3826	63
3827	63
3828	63
3829	63
3830	63
3831	63
3832	63
3833	63
3834	63
3835	62
3836	62
3837	62
3838	62
3839	62
3840	62
3841	62
3842	62
3843	62
3844	62
3845	62
3846	62
3847	62
3848	62
3849	62
3850	62
3851	62
3852	62
3853	62
3854	62
3855	62
3856	62
3857	62
3858	62
3859	62
3860	62
3861	62
3862	62
3863	62
3864	62
3865	62
3866	62
3867	62
3868	62
3869	62
3870	62
3871	62
3872	62
3873	62
3874	62
3875	62
3876	62
3877	62
3878	62
3879	62
3880	61
3881	61
3882	61
3883	61
3884	61
3885	61
3886	61
3887	61
3888	61
3889	61
3890	61
3891	61
3892	61
3893	61
3894	61
3895	61
3896	61
3897	61
3898	61
3899	61
3900	61
3901	61
3902	61
3903	61
3904	61
3905	61
3906	61
3907	61
3908	61
3909	61
3910	61
3911	61
3912	61
3913	60
3914	60
3915	60
3916	60
3917	60
3918	60
3919	60
3920	60
3921	60
3922	60
3923	60
3924	60
3925	60
3926	60
3927	60
3928	60
3929	60
3930	60
3931	60
3932	60
3933	60
3934	60
3935	60
3936	60
3937	60
3938	59
3939	59
3940	59
3941	59
3942	59
3943	59
3944	59
3945	59
3946	59
3947	59
3948	59
3949	59
3950	59
3951	59
3952	59
3953	59
3954	59
3955	59
3956	59
3957	59
3958	59
3959	59
3960	59
3961	59
3962	59
3963	59
3964	59
3965	58
3966	58
3967	58
3968	58
3969	58
3970	58
3971	58
3972	58
3973	58
3974	58
3975	58
3976	58
3977	58
3978	58
3979	58
3980	58
3981	58
3982	58
3983	58
3984	58
3985	58
3986	58
3987	58
3988	58
3989	58
3990	58
3991	58
3992	58
3993	58
3994	58
3995	58
3996	57
3997	57
3998	57
3999	57
4000	57
4001	57
4002	57
4003	57
4004	57
4005	57
4006	57
4007	57
4008	57
4009	57
4010	57
4011	57
4012	57
4013	57
4014	57
4015	57
4016	57
4017	57
4018	57
4019	57
4020	57
4021	57
4022	57
4023	57
4024	57
4025	57
4026	57
4027	57
4028	57
4029	57
4030	57
4031	57
4032	57
4033	57
4034	57
4035	57
4036	56
4037	56
4038	56
4039	56
4040	56
4041	56
4042	56
4043	56
4044	56
4045	56
4046	56
4047	56
4048	56
4049	56
4050	56
4051	56
4052	56
4053	56
4054	56
4055	56
4056	56
4057	56
4058	56
4059	56
4060	56
4061	56
4062	56
4063	55
4064	55
4065	55
4066	55
4067	55
4068	55
4069	55
4070	55
4071	55
4072	55
4073	55
4074	55
4075	55
4076	55
4077	55
4078	55
4079	55
4080	55
4081	55
4082	55
4083	55
4084	55
4085	55
4086	55
4087	55
4088	55
4089	55
4090	55
4091	55
4092	55
4093	55
4094	55
4095	55
4096	55
4097	55
4098	55
4099	55
4100	55
4101	54
4102	54
4103	54
4104	54
4105	54
4106	54
4107	54
4108	54
4109	54
4110	54
4111	54
4112	54
4113	54
4114	54
4115	54
4116	54
4117	54
4118	54
4119	54
4120	54
4121	54
4122	54
4123	54
4124	54
4125	54
4126	54
4127	54
4128	54
4129	54
4130	54
4131	53
4132	53
4133	53
4134	53
4135	53
4136	53
4137	53
4138	53
4139	53
4140	53
4141	53
4142	53
4143	53
4144	53
4145	53
4146	53
4147	53
4148	53
4149	53
4150	53
4151	53
4152	53
4153	53
4154	53
4155	53
4156	53
4157	53
4158	53
4159	53
4160	53
4161	53
4162	53
4163	53
4164	53
4165	53
4166	52
4167	52
4168	52
4169	52
4170	52
4171	52
4172	52
4173	52
4174	52
4175	52
4176	52
4177	52
4178	52
4179	52
4180	52
4181	52
4182	52
4183	52
4184	52
4185	52
4186	52
4187	52
4188	52
4189	52
4190	52
4191	52
4192	52
4193	52
4194	52
4195	52
4196	52
4197	52
4198	52
4199	52
4200	52
4201	52
4202	52
4203	52
4204	52
4205	51
4206	51
4207	51
4208	51
4209	51
4210	51
4211	51
4212	51
4213	51
4214	51
4215	51
4216	51
4217	51
4218	51
4219	51
4220	51
4221	51
4222	51
4223	51
4224	51
4225	51
4226	51
4227	51
4228	51
4229	51
4230	51
4231	51
4232	51
4233	51
4234	51
4235	51
4236	51
4237	51
4238	51
4239	51
4240	51
4241	51
4242	51
4243	51
4244	51
4245	51
4246	51
4247	50
4248	50
4249	50
4250	50
4251	50
4252	50
4253	50
4254	50
4255	50
4256	50
4257	50
4258	50
4259	50
4260	50
4261	50
4262	50
4263	50
4264	50
4265	50
4266	50
4267	50
4268	50
4269	50
4270	50
4271	50
4272	50
4273	50
4274	50
4275	50
4276	50
4277	50
4278	50
4279	50
4280	50
4281	50
4282	50
4283	50
4284	50
4285	50
4286	50
4287	50
4288	50
4289	50
4290	50
4291	50
4292	50
4293	50
4294	50
4295	50
4296	50
4297	49
4298	49
4299	49
4300	49
4301	49
4302	49
4303	49
4304	49
4305	49
4306	49
4307	49
4308	49
4309	49
4310	49
4311	49
4312	49
4313	49
4314	49
4315	49
4316	49
4317	49
4318	49
4319	49
4320	49
4321	49
4322	49
4323	49
4324	49
4325	49
4326	48
4327	48
4328	48
4329	48
4330	48
4331	48
4332	48
4333	48
4334	48
4335	48
4336	48
4337	48
4338	48
4339	48
4340	48
4341	48
4342	48
4343	48
4344	48
4345	48
4346	48
4347	48
4348	48
4349	48
4350	48
4351	48
4352	48
4353	48
4354	48
4355	48
4356	48
4357	48
4358	48
4359	48
4360	48
4361	48
4362	48
4363	48
4364	48
4365	48
4366	48
4367	48
4368	48
4369	48
4370	48
4371	48
4372	48
4373	48
4374	48
4375	48
4376	48
4377	47
4378	47
4379	47
4380	47
4381	47
4382	47
4383	47
4384	47
4385	47
4386	47
4387	47
4388	47
4389	47
4390	47
4391	47
4392	47
4393	47
4394	47
4395	47
4396	47
4397	47
4398	47
4399	47
4400	47
4401	47
4402	47
4403	47
4404	47
4405	47
4406	47
4407	47
4408	47
4409	47
4410	47
4411	47
4412	47
4413	47
4414	47
4415	47
4416	47
4417	47
4418	47
4419	47
4420	47
4421	47
4422	47
4423	47
4424	47
4425	47
4426	47
4427	47
4428	47
4429	47
4430	47
4431	47
4432	46
4433	46
4434	46
4435	46
4436	46
4437	46
4438	46
4439	46
4440	46
4441	46
4442	46
4443	46
4444	46
4445	46
4446	46
4447	46
4448	46
4449	46
4450	46
4451	46
4452	46
4453	46
4454	46
4455	46
4456	46
4457	46
4458	46
4459	46
4460	46
4461	46
4462	46
4463	46
4464	46
4465	46
4466	46
4467	46
4468	46
4469	46
4470	46
4471	46
4472	46
4473	46
4474	46
4475	46
4476	46
4477	46
4478	45
4479	45
4480	45
4481	45
4482	45
4483	45
4484	45
4485	45
4486	45
4487	45
4488	45
4489	45
4490	45
4491	45
4492	45
4493	45
4494	45
4495	45
4496	45
4497	45
4498	45
4499	45
4500	45
4501	45
4502	45
4503	45
4504	45
4505	45
4506	45
4507	45
4508	45
4509	45
4510	45
4511	45
4512	45
4513	45
4514	45
4515	45
4516	45
4517	45
4518	44
4519	44
4520	44
4521	44
4522	44
4523	44
4524	44
4525	44
4526	44
4527	44
4528	44
4529	44
4530	44
4531	44
4532	44
4533	44
4534	44
4535	44
4536	44
4537	44
4538	44
4539	44
4540	44
4541	44
4542	44
4543	44
4544	44
4545	44
4546	44
4547	44
4548	44
4549	44
4550	44
4551	44
4552	44
4553	44
4554	44
4555	44
4556	44
4557	44
4558	43
4559	43
4560	43
4561	43
4562	43
4563	43
4564	43
4565	43
4566	43
4567	43
4568	43
4569	43
4570	43
4571	43
4572	43
4573	43
4574	43
4575	43
4576	43
4577	43
4578	43
4579	43
4580	43
4581	43
4582	43
4583	43
4584	43
4585	43
4586	43
4587	43
4588	43
4589	43
4590	43
4591	43
4592	43
4593	43
4594	43
4595	43
4596	43
4597	43
4598	43
4599	43
4600	43
4601	43
4602	43
4603	43
4604	43
4605	43
4606	42
4607	42
4608	42
4609	42
4610	42
4611	42
4612	42
4613	42
4614	42
4615	42
4616	42
4617	42
4618	42
4619	42
4620	42
4621	42
4622	42
4623	42
4624	42
4625	42
4626	42
4627	42
4628	42
4629	42
4630	42
4631	42
4632	42
4633	42
4634	42
4635	42
4636	42
4637	42
4638	42
4639	42
4640	42
4641	41
4642	41
4643	41
4644	41
4645	41
4646	41
4647	41
4648	41
4649	41
4650	41
4651	41
4652	41
4653	41
4654	41
4655	41
4656	41
4657	41
4658	41
4659	41
4660	41
4661	41
4662	41
4663	41
4664	41
4665	41
4666	41
4667	41
4668	41
4669	41
4670	41
4671	41
4672	41
4673	41
4674	41
4675	41
4676	41
4677	41
4678	41
4679	41
4680	41
4681	41
4682	41
4683	41
4684	41
4685	41
4686	41
4687	41
4688	41
4689	40
4690	40
4691	40
4692	40
4693	40
4694	40
4695	40
4696	40
4697	40
4698	40
4699	40
4700	40
4701	40
4702	40
4703	40
4704	40
4705	40
4706	40
4707	40
4708	40
4709	40
4710	40
4711	40
4712	40
4713	40
4714	40
4715	40
4716	40
4717	40
4718	40
4719	40
4720	40
4721	40
4722	40
4723	40
4724	40
4725	40
4726	40
4727	40
4728	40
4729	40
4730	40
4731	40
4732	40
4733	40
4734	40
4735	40
4736	40
4737	39
4738	39
4739	39
4740	39
4741	39
4742	39
4743	39
4744	39
4745	39
4746	39
4747	39
4748	39
4749	39
4750	39
4751	39
4752	39
4753	39
4754	39
4755	39
4756	39
4757	39
4758	39
4759	39
4760	39
4761	39
4762	39
4763	39
4764	39
4765	39
4766	39
4767	39
4768	39
4769	39
4770	39
4771	39
4772	39
4773	39
4774	39
4775	39
4776	39
4777	39
4778	39
4779	39
4780	39
4781	39
4782	39
4783	39
4784	39
4785	39
4786	38
4787	38
4788	38
4789	38
4790	38
4791	38
4792	38
4793	38
4794	38
4795	38
4796	38
4797	38
4798	38
4799	38
4800	38
4801	38
4802	38
4803	38
4804	38
4805	38
4806	38
4807	38
4808	38
4809	38
4810	38
4811	38
4812	38
4813	38
4814	38
4815	38
4816	38
4817	38
4818	38
4819	38
4820	38
4821	38
4822	38
4823	38
4824	38
4825	38
4826	38
4827	38
4828	38
4829	38
4830	38
4831	38
4832	38
4833	38
4834	38
4835	37
4836	37
4837	37
4838	37
4839	37
4840	37
4841	37
4842	37
4843	37
4844	37
4845	37
4846	37
4847	37
4848	37
4849	37
4850	37
4851	37
4852	37
4853	37
4854	37
4855	37
4856	37
4857	37
4858	37
4859	37
4860	37
4861	37
4862	37
4863	37
4864	37
4865	37
4866	37
4867	37
4868	37
4869	37
4870	37
4871	37
4872	37
4873	37
4874	37
4875	37
4876	37
4877	37
4878	37
4879	37
4880	37
4881	37
4882	37
4883	37
4884	37
4885	37
4886	37
4887	37
4888	37
4889	37
4890	36
4891	36
4892	36
4893	36
4894	36
4895	36
4896	36
4897	36
4898	36
4899	36
4900	36
4901	36
4902	36
4903	36
4904	36
4905	36
4906	36
4907	36
4908	36
4909	36
4910	36
4911	36
4912	36
4913	36
4914	36
4915	36
4916	36
4917	36
4918	36
4919	36
4920	36
4921	36
4922	36
4923	36
4924	36
4925	36
4926	36
4927	36
4928	36
4929	36
4930	36
4931	36
4932	36
4933	36
4934	36
4935	36
4936	36
4937	36
4938	36
4939	36
4940	36
4941	36
4942	36
4943	36
4944	36
4945	36
4946	36
4947	36
4948	36
4949	36
4950	36
4951	36
4952	36
4953	36
4954	36
4955	36
4956	36
4957	36
4958	36
4959	36
4960	36
4961	35
4962	35
4963	35
4964	35
4965	35
4966	35
4967	35
4968	35
4969	35
4970	35
4971	35
4972	35
4973	35
4974	35
4975	35
4976	35
4977	35
4978	35
4979	35
4980	35
4981	35
4982	35
4983	35
4984	35
4985	35
4986	35
4987	35
4988	35
4989	35
4990	35
4991	35
4992	35
4993	35
4994	35
4995	35
4996	35
4997	35
4998	35
4999	35
5000	35
5001	35
5002	35
5003	35
5004	35
5005	35
5006	35
5007	35
5008	35
5009	35
5010	35
5011	35
5012	35
5013	35
5014	35
5015	35
5016	35
5017	35
5018	35
5019	34
5020	34
5021	34
5022	34
5023	34
5024	34
5025	34
5026	34
5027	34
5028	34
5029	34
5030	34
5031	34
5032	34
5033	34
5034	34
5035	34
5036	34
5037	34
5038	34
5039	34
5040	34
5041	34
5042	34
5043	34
5044	34
5045	34
5046	34
5047	34
5048	34
5049	34
5050	34
5051	34
5052	34
5053	34
5054	34
5055	34
5056	34
5057	34
5058	34
5059	34
5060	34
5061	34
5062	34
5063	33
5064	33
5065	33
5066	33
5067	33
5068	33
5069	33
5070	33
5071	33
5072	33
5073	33
5074	33
5075	33
5076	33
5077	33
5078	33
5079	33
5080	33
5081	33
5082	33
5083	33
5084	33
5085	33
5086	33
5087	33
5088	33
5089	33
5090	33
5091	33
5092	33
5093	33
5094	33
5095	33
5096	33
5097	33
5098	33
5099	33
5100	33
5101	33
5102	33
5103	33
5104	33
5105	33
5106	33
5107	33
5108	33
5109	33
5110	33
5111	33
5112	33
5113	33
5114	33
5115	33
5116	33
5117	33
5118	33
5119	33
5120	33
5121	33
5122	33
5123	33
5124	33
5125	32
5126	32
5127	32
5128	32
5129	32
5130	32
5131	32
5132	32
5133	32
5134	32
5135	32
5136	32
5137	32
5138	32
5139	32
5140	32
5141	32
5142	32
5143	32
5144	32
5145	32
5146	32
5147	32
5148	32
5149	32
5150	32
5151	32
5152	32
5153	32
5154	32
5155	32
5156	32
5157	32
5158	32
5159	32
5160	32
5161	32
5162	32
5163	32
5164	32
5165	32
5166	32
5167	32
5168	32
5169	32
5170	32
5171	32
5172	32
5173	32
5174	32
5175	32
5176	32
5177	32
5178	32
5179	32
5180	31
5181	31
5182	31
5183	31
5184	31
5185	31
5186	31
5187	31
5188	31
5189	31
5190	31
5191	31
5192	31
5193	31
5194	31
5195	31
5196	31
5197	31
5198	31
5199	31
5200	31
5201	31
5202	31
5203	31
5204	31
5205	31
5206	31
5207	31
5208	31
5209	31
5210	31
5211	31
5212	31
5213	31
5214	31
5215	31
5216	31
5217	31
5218	31
5219	31
5220	31
5221	31
5222	31
5223	31
5224	31
5225	31
5226	31
5227	31
5228	31
5229	31
5230	31
5231	30
5232	30
5233	30
5234	30
5235	30
5236	30
5237	30
5238	30
5239	30
5240	30
5241	30
5242	30
5243	30
5244	30
5245	30
5246	30
5247	30
5248	30
5249	30
5250	30
5251	30
5252	30
5253	30
5254	30
5255	30
5256	30
5257	30
5258	30
5259	30
5260	30
5261	30
5262	30
5263	30
5264	30
5265	30
5266	30
5267	30
5268	30
5269	30
5270	30
5271	30
5272	30
5273	30
5274	30
5275	30
5276	30
5277	30
5278	30
5279	30
5280	30
5281	30
5282	30
5283	30
5284	30
5285	30
5286	30
5287	30
5288	30
5289	29
5290	29
5291	29
5292	29
5293	29
5294	29
5295	29
5296	29
5297	29
5298	29
5299	29
5300	29
5301	29
5302	29
5303	29
5304	29
5305	29
5306	29
5307	29
5308	29
5309	29
5310	29
5311	29
5312	29
5313	29
5314	29
5315	29
5316	29
5317	29
5318	29
5319	29
5320	29
5321	29
5322	29
5323	29
5324	29
5325	29
5326	29
5327	29
5328	29
5329	29
5330	29
5331	29
5332	29
5333	29
5334	29
5335	29
5336	29
5337	29
5338	29
5339	29
5340	29
5341	29
5342	29
5343	29
5344	29
5345	29
5346	29
5347	29
5348	29
5349	29
5350	29
5351	29
5352	29
5353	29
5354	29
5355	29
5356	29
5357	29
5358	29
5359	29
5360	29
5361	28
5362	28
5363	28
5364	28
5365	28
5366	28
5367	28
5368	28
5369	28
5370	28
5371	28
5372	28
5373	28
5374	28
5375	28
5376	28
5377	28
5378	28
5379	28
5380	28
5381	28
5382	28
5383	28
5384	28
5385	28
5386	28
5387	28
5388	28
5389	28
5390	28
5391	28
5392	28
5393	28
5394	28
5395	28
5396	28
5397	28
5398	28
5399	28
5400	28
5401	28
5402	28
5403	28
5404	28
5405	28
5406	28
5407	28
5408	28
5409	28
5410	28
5411	28
5412	28
5413	28
5414	28
5415	28
5416	28
5417	28
5418	28
5419	28
5420	28
5421	27
5422	27
5423	27
5424	27
5425	27
5426	27
5427	27
5428	27
5429	27
5430	27
5431	27
5432	27
5433	27
5434	27
5435	27
5436	27
5437	27
5438	27
5439	27
5440	27
5441	27
5442	27
5443	27
5444	27
5445	27
5446	27
5447	27
5448	27
5449	27
5450	27
5451	27
5452	27
5453	27
5454	27
5455	27
5456	27
5457	27
5458	27
5459	27
5460	27
5461	27
5462	27
5463	27
5464	27
5465	27
5466	27
5467	27
5468	27
5469	27
5470	27
5471	27
5472	27
5473	27
5474	27
5475	27
5476	27
5477	27
5478	27
5479	27
5480	27
5481	27
5482	27
5483	27
5484	27
5485	27
5486	27
5487	26
5488	26
5489	26
5490	26
5491	26
5492	26
5493	26
5494	26
5495	26
5496	26
5497	26
5498	26
5499	26
5500	26
5501	26
5502	26
5503	26
5504	26
5505	26
5506	26
5507	26
5508	26
5509	26
5510	26
5511	26
5512	26
5513	26
5514	26
5515	26
5516	26
5517	26
5518	26
5519	26
5520	26
5521	26
5522	26
5523	26
5524	26
5525	26
5526	26
5527	26
5528	26
5529	26
5530	26
5531	26
5532	26
5533	26
5534	26
5535	26
5536	26
5537	26
5538	26
5539	26
5540	26
5541	26
5542	26
5543	26
5544	26
5545	26
5546	26
5547	26
5548	26
5549	25
5550	25
5551	25
5552	25
5553	25
5554	25
5555	25
5556	25
5557	25
5558	25
5559	25
5560	25
5561	25
5562	25
5563	25
5564	25
5565	25
5566	25
5567	25
5568	25
5569	25
5570	25
5571	25
5572	25
5573	25
5574	25
5575	25
5576	25
5577	25
5578	25
5579	25
5580	25
5581	25
5582	25
5583	25
5584	25
5585	25
5586	25
5587	25
5588	25
5589	25
5590	25
5591	25
5592	25
5593	25
5594	25
5595	25
5596	25
5597	25
5598	25
5599	25
5600	25
5601	25
5602	25
5603	25
5604	25
5605	25
5606	25
5607	25
5608	25
5609	25
5610	25
5611	25
5612	25
5613	25
5614	25
5615	25
5616	25
5617	25
5618	25
5619	25
5620	25
5621	25
5622	25
5623	25
5624	24
5625	24
5626	24
5627	24
5628	24
5629	24
5630	24
5631	24
5632	24
5633	24
5634	24
5635	24
5636	24
5637	24
5638	24
5639	24
5640	24
5641	24
5642	24
5643	24
5644	24
5645	24
5646	24
5647	24
5648	24
5649	24
5650	24
5651	24
5652	24
5653	24
5654	24
5655	24
5656	24
5657	24
5658	24
5659	24
5660	24
5661	24
5662	24
5663	24
5664	24
5665	24
5666	24
5667	24
5668	24
5669	24
5670	24
5671	24
5672	24
5673	24
5674	24
5675	24
5676	24
5677	24
5678	24
5679	24
5680	24
5681	24
5682	24
5683	24
5684	24
5685	24
5686	24
5687	24
5688	24
5689	24
5690	24
5691	24
5692	24
5693	24
5694	24
5695	24
5696	24
5697	24
5698	24
5699	24
5700	24
5701	24
5702	24
5703	24
5704	24
5705	23
5706	23
5707	23
5708	23
5709	23
5710	23
5711	23
5712	23
5713	23
5714	23
5715	23
5716	23
5717	23
5718	23
5719	23
5720	23
5721	23
5722	23
5723	23
5724	23
5725	23
5726	23
5727	23
5728	23
5729	23
5730	23
5731	23
5732	23
5733	23
5734	23
5735	23
5736	23
5737	23
5738	23
5739	23
5740	23
5741	23
5742	23
5743	23
5744	23
5745	23
5746	23
5747	23
5748	23
5749	23
5750	23
5751	23
5752	23
5753	23
5754	23
5755	23
5756	23
5757	23
5758	23
5759	23
5760	23
5761	23
5762	23
5763	23
5764	23
5765	23
5766	23
5767	23
5768	23
5769	23
5770	23
5771	23
5772	23
5773	23
5774	23
5775	23
5776	23
5777	23
5778	23
5779	23
5780	23
5781	23
5782	23
5783	23
5784	23
5785	23
5786	22
5787	22
5788	22
5789	22
5790	22
5791	22
5792	22
5793	22
5794	22
5795	22
5796	22
5797	22
5798	22
5799	22
5800	22
5801	22
5802	22
5803	22
5804	22
5805	22
5806	22
5807	22
5808	22
5809	22
5810	22
5811	22
5812	22
5813	22
5814	22
5815	22
5816	22
5817	22
5818	22
5819	22
5820	22
5821	22
5822	22
5823	22
5824	22
5825	22
5826	22
5827	22
5828	22
5829	22
5830	22
5831	22
5832	22
5833	22
5834	22
5835	22
5836	22
5837	22
5838	22
5839	22
5840	22
5841	22
5842	22
5843	22
5844	22
5845	22
5846	22
5847	22
5848	22
5849	22
5850	22
5851	22
5852	22
5853	22
5854	22
5855	22
5856	22
5857	22
5858	22
5859	22
5860	22
5861	22
5862	22
5863	21
5864	21
5865	21
5866	21
5867	21
5868	21
5869	21
5870	21
5871	21
5872	21
5873	21
5874	21
5875	21
5876	21
5877	21
5878	21
5879	21
5880	21
5881	21
5882	21
5883	21
5884	21
5885	21
5886	21
5887	21
5888	21
5889	21
5890	21
5891	21
5892	21
5893	21
5894	21
5895	21
5896	21
5897	21
5898	21
5899	21
5900	21
5901	21
5902	21
5903	21
5904	21
5905	21
5906	21
5907	21
5908	21
5909	21
5910	21
5911	21
5912	21
5913	21
5914	21
5915	21
5916	21
5917	21
5918	21
5919	21
5920	21
5921	21
5922	21
5923	21
5924	21
5925	21
5926	21
5927	21
5928	21
5929	21
5930	21
5931	21
5932	21
5933	21
5934	21
5935	21
5936	21
5937	21
5938	21
5939	21
5940	21
5941	21
5942	21
5943	21
5944	21
5945	21
5946	21
5947	21
5948	21
5949	21
5950	21
5951	21
5952	21
5953	21
5954	20
5955	20
5956	20
5957	20
5958	20
5959	20
5960	20
5961	20
5962	20
5963	20
5964	20
5965	20
5966	20
5967	20
5968	20
5969	20
5970	20
5971	20
5972	20
5973	20
5974	20
5975	20
5976	20
5977	20
5978	20
5979	20
5980	20
5981	20
5982	20
5983	20
5984	20
5985	20
5986	20
5987	20
5988	20
5989	20
5990	20
5991	20
5992	20
5993	20
5994	20
5995	20
5996	20
5997	20
5998	20
5999	20
6000	20
6001	20
6002	20
6003	20
6004	20
6005	20
6006	20
6007	20
6008	20
6009	20
6010	20
6011	20
6012	20
6013	20
6014	20
6015	20
6016	20
6017	20
6018	20
6019	20
6020	20
6021	20
6022	20
6023	20
6024	20
6025	20
6026	20
6027	20
6028	20
6029	20
6030	20
6031	20
6032	20
6033	20
6034	20
6035	20
6036	20
6037	20
6038	20
6039	20

Item_id	Number of ratings
0	3428
1	2991
2	2990
3	2883
4	2672
5	2653
6	2649
7	2590
8	2583
9	2578
10	2538
11	2514
12	2513
13	2459
14	2443
15	2369
16	2318
17	2304
18	2288
19	2278
20	2269
21	2250
22	2241
23	2227
24	2223
25	2194
26	2181
27	2171
28	2098
29	2077
30	2024
31	1996
32	1995
33	1924
34	1820
35	1800
36	1799
37	1785
38	1783
39	1751
40	1731
41	1730
42	1728
43	1725
44	1718
45	1716
46	1715
47	1703
48	1697
49	1692
50	1669
51	1666
52	1657
53	1652
54	1650
55	1628
56	1627
57	1599
58	1585
59	1568
60	1548
61	1546
62	1539
63	1527
64	1522
65	1511
66	1511
67	1495
68	1491
69	1473
70	1473
71	1451
72	1451
73	1451
74	1448
75	1434
76	1434
77	1431
78	1424
79	1421
80	1419
81	1417
82	1412
83	1400
84	1389
85	1382
86	1382
87	1377
88	1373
89	1371
90	1367
91	1367
92	1362
93	1356
94	1353
95	1352
96	1351
97	1345
98	1341
99	1340
100	1334
101	1331
102	1330
103	1329
104	1326
105	1315
106	1315
107	1313
108	1313
109	1310
110	1297
111	1269
112	1263
113	1261
114	1259
115	1255
116	1254
117	1251
118	1240
119	1240
120	1237
121	1233
122	1233
123	1229
124	1229
125	1229
126	1222
127	1222
128	1220
129	1207
130	1205
131	1199
132	1193
133	1185
134	1179
135	1177
136	1176
137	1163
138	1163
139	1162
140	1158
141	1158
142	1156
143	1152
144	1148
145	1143
146	1137
147	1136
148	1135
149	1129
150	1128
151	1127
152	1127
153	1126
154	1124
155	1121
156	1120
157	1119
158	1118
159	1116
160	1116
161	1113
162	1112
163	1110
164	1110
165	1099
166	1099
167	1097
168	1095
169	1091
170	1089
171	1087
172	1086
173	1082
174	1077
175	1076
176	1074
177	1072
178	1071
179	1066
180	1066
181	1061
182	1060
183	1059
184	1057
185	1052
186	1050
187	1049
188	1046
189	1046
190	1045
191	1043
192	1035
193	1034
194	1033
195	1031
196	1021
197	1013
198	1011
199	1011
200	1010
201	1010
202	1007
203	1006
204	1005
205	1001
206	1001
207	997
208	996
209	996
210	994
211	990
212	990
213	989
214	989
215	988
216	986
217	983
218	982
219	980
220	978
221	975
222	972
223	970
224	967
225	966
226	954
227	948
228	948
229	945
230	945
231	945
232	943
233	940
234	938
235	938
236	936
237	935
238	930
239	928
240	928
241	927
242	927
243	926
244	925
245	923
246	914
247	914
248	913
249	912
250	909
251	908
252	908
253	907
254	905
255	902
256	899
257	897
258	895
259	888
260	886
261	886
262	885
263	885
264	884
265	884
266	884
267	882
268	882
269	882
270	874
271	874
272	872
273	869
274	865
275	864
276	862
277	862
278	862
279	861
280	861
281	855
282	853
283	852
284	850
285	846
286	840
287	839
288	839
289	838
290	838
291	838
292	835
293	832
294	831
295	826
296	825
297	825
298	824
299	822
300	821
301	820
302	817
303	817
304	811
305	811
306	809
307	809
308	807
309	806
310	803
311	803
312	802
313	802
314	802
315	802
316	799
317	798
318	795
319	793
320	792
321	791
322	791
323	789
324	789
325	786
326	786
327	781
328	780
329	779
330	777
331	777
332	776
333	774
334	773
335	773
336	772
337	771
338	768
339	766
340	765
341	765
342	765
343	765
344	763
345	761
346	760
347	756
348	756
349	755
350	751
351	751
352	751
353	751
354	750
355	750
356	745
357	744
358	744
359	742
360	741
361	741
362	740
363	738
364	736
365	734
366	733
367	733
368	733
369	732
370	730
371	729
372	729
373	724
374	723
375	722
376	722
377	720
378	719
379	719
380	718
381	716
382	716
383	715
384	714
385	712
386	711
387	710
388	707
389	705
390	705
391	704
392	703
393	701
394	701
395	700
396	700
397	700
398	699
399	697
400	696
401	695
402	693
403	693
404	692
405	691
406	688
407	687
408	687
409	686
410	686
411	682
412	682
413	682
414	682
415	680
416	680
417	679
418	677
419	676
420	676
421	675
422	674
423	673
424	673
425	672
426	672
427	671
428	669
429	667
430	667
431	667
432	667
433	666
434	666
435	664
436	664
437	663
438	660
439	658
440	658
441	658
442	657
443	657
444	654
445	652
446	652
447	651
448	650
449	646
450	645
451	645
452	643
453	643
454	641
455	640
456	640
457	640
458	638
459	636
460	636
461	636
462	634
463	634
464	630
465	630
466	628
467	628
468	628
469	628
470	628
471	627
472	626
473	626
474	626
475	626
476	625
477	624
478	624
479	624
480	623
481	622
482	618
483	616
484	616
485	615
486	615
487	615
488	613
489	613
490	613
491	612
492	612
493	611
494	608
495	608
496	606
497	605
498	602
499	599
500	599
501	598
502	594
503	594
504	593
505	591
506	591
507	590
508	590
509	589
510	588
511	584
512	584
513	583
514	583
515	582
516	579
517	578
518	577
519	577
520	575
521	573
522	573
523	572
524	572
525	571
526	570
527	569
528	569
529	568
530	567
531	565
532	565
533	565
534	565
535	564
536	564
537	564
538	564
539	563
540	563
541	562
542	562
543	561
544	560
545	560
546	559
547	559
548	559
549	558
550	558
551	557
552	557
553	555
554	554
555	554
556	553
557	551
558	550
559	549
560	549
561	548
562	548
563	548
564	545
565	544
566	542
567	542
568	542
569	541
570	541
571	541
572	541
573	540
574	536
575	535
576	534
577	534
578	533
579	533
580	530
581	529
582	528
583	527
584	525
585	525
586	524
587	523
588	522
589	521
590	520
591	520
592	519
593	518
594	518
595	516
596	515
597	515
598	514
599	514
600	513
601	512
602	511
603	511
604	511
605	510
606	509
607	507
608	507
609	506
610	506
611	505
612	504
613	504
614	502
615	501
616	501
617	500
618	499
619	499
620	498
621	498
622	497
623	497
624	496
625	495
626	495
627	493
628	493
629	493
630	492
631	491
632	490
633	489
634	487
635	487
636	485
637	485
638	483
639	483
640	483
641	482
642	481
643	480
644	480
645	480
646	479
647	479
648	478
649	478
650	478
651	477
652	477
653	477
654	476
655	476
656	475
657	475
658	475
659	475
660	475
661	475
662	474
663	474
664	474
665	474
666	473
667	472
668	471
669	471
670	471
671	470
672	470
673	469
674	469
675	466
676	464
677	463
678	463
679	463
680	462
681	461
682	461
683	461
684	460
685	460
686	459
687	459
688	458
689	458
690	457
691	456
692	456
693	455
694	455
695	454
696	453
697	453
698	453
699	453
700	452
701	452
702	451
703	451
704	451
705	451
706	450
707	450
708	450
709	450
710	448
711	448
712	448
713	447
714	447
715	446
716	445
717	445
718	445
719	443
720	443
721	443
722	442
723	442
724	441
725	440
726	438
727	438
728	438
729	437
730	436
731	435
732	434
733	434
734	434
735	433
736	433
737	431
738	431
739	431
740	430
741	429
742	429
743	428
744	428
745	427
746	426
747	426
748	425
749	425
750	423
751	422
752	422
753	421
754	421
755	421
756	420
757	420
758	420
759	419
760	419
761	418
762	418
763	418
764	417
765	417
766	416
767	416
768	416
769	416
770	415
771	415
772	414
773	413
774	413
775	413
776	412
777	410
778	410
779	410
780	409
781	408
782	407
783	406
784	405
785	405
786	404
787	404
788	403
789	403
790	403
791	403
792	402
793	401
794	401
795	401
796	400
797	399
798	399
799	398
800	397
801	397
802	395
803	395
804	395
805	394
806	394
807	392
808	392
809	392
810	391
811	391
812	391
813	390
814	390
815	389
816	389
817	389
818	388
819	388
820	388
821	387
822	387
823	387
824	386
825	386
826	386
827	386
828	385
829	385
830	385
831	385
832	383
833	383
834	383
835	383
836	382
837	382
838	382
839	381
840	381
841	380
842	380
843	380
844	380
845	379
846	379
847	379
848	379
849	378
850	378
851	375
852	375
853	375
854	374
855	374
856	374
857	374
858	373
859	373
860	373
861	372
862	372
863	372
864	372
865	371
866	370
867	369
868	369
869	369
870	369
871	368
872	367
873	367
874	367
875	366
876	366
877	365
878	365
879	365
880	365
881	365
882	364
883	364
884	364
885	363
886	363
887	362
888	362
889	362
890	362
891	361
892	361
893	360
894	360
895	360
896	359
897	358
898	358
899	358
900	358
901	358
902	357
903	357
904	356
905	356
906	356
907	355
908	355
909	355
910	355
911	355
912	354
913	354
914	354
915	354
916	354
917	353
918	353
919	353
920	353
921	352
922	352
923	352
924	351
925	351
926	350
927	350
928	350
929	350
930	350
931	349
932	348
933	348
934	348
935	346
936	346
937	346
938	346
939	346
940	345
941	345
942	345
943	345
944	344
945	344
946	344
947	344
948	343
949	343
950	343
951	342
952	341
953	341
954	341
955	341
956	340
957	339
958	339
959	338
960	338
961	338
962	338
963	337
964	335
965	334
966	333
967	332
968	331
969	331
970	330
971	330
972	330
973	329
974	328
975	328
976	328
977	327
978	327
979	326
980	326
981	325
982	325
983	325
984	325
985	325
986	324
987	324
988	323
989	322
990	321
991	321
992	321
993	321
994	320
995	320
996	319
997	319
998	319
999	319
1000	318
1001	317
1002	317
1003	317
1004	317
1005	317
1006	316
1007	315
1008	315
1009	314
1010	314
1011	312
1012	312
1013	312
1014	312
1015	311
1016	310
1017	309
1018	308
1019	308
1020	308
1021	307
1022	306
1023	306
1024	306
1025	306
1026	306
1027	306
1028	305
1029	305
1030	305
1031	305
1032	305
1033	304
1034	304
1035	304
1036	304
1037	304
1038	304
1039	304
1040	304
1041	303
1042	303
1043	302
1044	302
1045	302
1046	302
1047	302
1048	301
1049	301
1050	301
1051	301
1052	301
1053	300
1054	300
1055	300
1056	300
1057	300
1058	299
1059	298
1060	298
1061	298
1062	298
1063	298
1064	297
1065	297
1066	296
1067	295
1068	295
1069	295
1070	295
1071	295
1072	295
1073	295
1074	295
1075	294
1076	294
1077	294
1078	293
1079	293
1080	292
1081	292
1082	291
1083	291
1084	291
1085	290
1086	289
1087	289
1088	289
1089	288
1090	288
1091	288
1092	287
1093	287
1094	286
1095	286
1096	286
1097	285
1098	285
1099	285
1100	285
1101	285
1102	284
1103	284
1104	284
1105	282
1106	281
1107	281
1108	280
1109	280
1110	280
1111	280
1112	280
1113	279
1114	279
1115	278
1116	278
1117	277
1118	277
1119	277
1120	277
1121	276
1122	276
1123	276
1124	276
1125	275
1126	275
1127	275
1128	274
1129	274
1130	274
1131	274
1132	274
1133	273
1134	273
1135	273
1136	273
1137	273
1138	272
1139	272
1140	271
1141	271
1142	271
1143	271
1144	271
1145	270
1146	269
1147	269
1148	269
1149	269
1150	269
1151	268
1152	268
1153	268
1154	268
1155	268
1156	267
1157	267
1158	267
1159	267
1160	267
1161	266
1162	266
1163	266
1164	266
1165	266
1166	266
1167	266
1168	265
1169	265
1170	265
1171	265
1172	264
1173	264
1174	264
1175	264
1176	264
1177	264
1178	263
1179	263
1180	263
1181	262
1182	262
1183	261
1184	260
1185	259
1186	259
1187	259
1188	259
1189	259
1190	259
1191	258
1192	258
1193	258
1194	257
1195	257
1196	257
1197	256
1198	256
1199	256
1200	254
1201	254
1202	254
1203	253
1204	253
1205	253
1206	252
1207	252
1208	252
1209	252
1210	251
1211	251
1212	251
1213	251
1214	250
1215	250
1216	249
1217	249
1218	248
1219	248
1220	248
1221	247
1222	247
1223	246
1224	246
1225	246
1226	245
1227	245
1228	245
1229	245
1230	245
1231	244
1232	244
1233	244
1234	244
1235	243
1236	242
1237	242
1238	242
1239	242
1240	242
1241	241
1242	241
1243	241
1244	241
1245	240
1246	240
1247	239
1248	239
1249	239
1250	239
1251	239
1252	239
1253	238
1254	238
1255	238
1256	238
1257	238
1258	238
1259	237
1260	237
1261	237
1262	236
1263	236
1264	236
1265	236
1266	235
1267	235
1268	235
1269	235
1270	234
1271	234
1272	234
1273	233
1274	233
1275	233
1276	233
1277	233
1278	232
1279	232
1280	232
1281	232
1282	232
1283	232
1284	231
1285	231
1286	231
1287	231
1288	230
1289	230
1290	230
1291	230
1292	229
1293	229
1294	228
1295	228
1296	228
1297	228
1298	227
1299	227
1300	227
1301	226
1302	226
1303	226
1304	225
1305	225
1306	225
1307	225
1308	224
1309	224
1310	224
1311	223
1312	223
1313	223
1314	223
1315	222
1316	222
1317	222
1318	222
1319	222
1320	221
1321	221
1322	221
1323	221
1324	221
1325	221
1326	220
1327	220
1328	220
1329	220
1330	220
1331	220
1332	219
1333	219
1334	219
1335	219
1336	219
1337	219
1338	219
1339	219
1340	218
1341	218
1342	218
1343	217
1344	217
1345	217
1346	217
1347	216
1348	216
1349	216
1350	216
1351	216
1352	216
1353	215
1354	215
1355	215
1356	215
1357	215
1358	215
1359	215
1360	215
1361	214
1362	213
1363	213
1364	213
1365	213
1366	213
1367	213
1368	213
1369	213
1370	212
1371	212
1372	212
1373	212
1374	212
1375	211
1376	211
1377	211
1378	211
1379	210
1380	210
1381	210
1382	210
1383	210
1384	209
1385	209
1386	209
1387	208
1388	208
1389	208
1390	207
1391	207
1392	206
1393	206
1394	206
1395	206
1396	206
1397	206
1398	206
1399	206
1400	205
1401	205
1402	205
1403	204
1404	204
1405	203
1406	203
1407	203
1408	203
1409	203
1410	202
1411	202
1412	202
1413	202
1414	201
1415	201
1416	201
1417	201
1418	201
1419	201
1420	200
1421	200
1422	200
1423	200
1424	200
1425	200
1426	199
1427	199
1428	199
1429	199
1430	199
1431	199
1432	199
1433	199
1434	199
1435	199
1436	198
1437	198
1438	198
1439	198
1440	198
1441	198
1442	198
1443	197
1444	196
1445	196
1446	195
1447	195
1448	195
1449	195
1450	195
1451	195
1452	194
1453	194
1454	194
1455	194
1456	194
1457	194
1458	193
1459	193
1460	193
1461	193
1462	192
1463	192
1464	191
1465	191
1466	190
1467	190
1468	190
1469	190
1470	190
1471	189
1472	189
1473	189
1474	189
1475	189
1476	189
1477	189
1478	189
1479	189
1480	189
1481	188
1482	188
1483	188
1484	188
1485	187
1486	187
1487	187
1488	187
1489	187
1490	187
1491	186
1492	186
1493	186
1494	186
1495	185
1496	185
1497	185
1498	185
1499	185
1500	184
1501	183
1502	183
1503	183
1504	183
1505	183
1506	183
1507	182
1508	182
1509	182
1510	182
1511	182
1512	182
1513	181
1514	181
1515	181
1516	180
1517	180
1518	180
1519	180
1520	180
1521	180
1522	179
1523	179
1524	179
1525	179
1526	179
1527	179
1528	179
1529	179
1530	179
1531	179
1532	178
1533	178
1534	178
1535	178
1536	177
1537	177
1538	177
1539	177
1540	177
1541	176
1542	176
1543	176
1544	176
1545	176
1546	176
1547	175
1548	175
1549	175
1550	175
1551	175
1552	174
1553	174
1554	174
1555	174
1556	174
1557	173
1558	173
1559	173
1560	172
1561	172
1562	172
1563	171
1564	171
1565	171
1566	171
1567	171
1568	171
1569	171
1570	171
1571	170
1572	170
1573	170
1574	170
1575	170
1576	169
1577	169
1578	169
1579	169
1580	169
1581	169
1582	168
1583	168
1584	168
1585	168
1586	168
1587	168
1588	168
1589	168
1590	167
1591	167
1592	167
1593	167
1594	167
1595	167
1596	166
1597	166
1598	166
1599	166
1600	166
1601	166
1602	166
1603	165
1604	165
1605	165
1606	165
1607	164
1608	164
1609	164
1610	164
1611	164
1612	164
1613	164
1614	163
1615	163
1616	163
1617	163
1618	163
1619	163
1620	162
1621	162
1622	162
1623	162
1624	162
1625	162
1626	161
1627	161
1628	161
1629	161
1630	161
1631	161
1632	161
1633	161
1634	161
1635	160
1636	160
1637	160
1638	160
1639	160
1640	160
1641	160
1642	160
1643	160
1644	159
1645	158
1646	158
1647	158
1648	158
1649	157
1650	157
1651	157
1652	157
1653	157
1654	156
1655	156
1656	156
1657	156
1658	156
1659	156
1660	156
1661	155
1662	155
1663	155
1664	155
1665	155
1666	154
1667	154
1668	154
1669	154
1670	153
1671	153
1672	153
1673	153
1674	152
1675	152
1676	152
1677	151
1678	151
1679	151
1680	151
1681	151
1682	150
1683	149
1684	149
1685	149
1686	149
1687	149
1688	148
1689	148
1690	148
1691	148
1692	148
1693	148
1694	148
1695	147
1696	147
1697	147
1698	147
1699	147
1700	147
1701	147
1702	147
1703	146
1704	146
1705	146
1706	146
1707	146
1708	146
1709	146
1710	145
1711	145
1712	145
1713	145
1714	145
1715	145
1716	145
1717	144
1718	144
1719	144
1720	144
1721	144
1722	144
1723	144
1724	144
1725	144
1726	144
1727	144
1728	143
1729	143
1730	143
1731	143
1732	143
1733	143
1734	142
1735	142
1736	142
1737	141
1738	141
1739	141
1740	141
1741	141
1742	141
1743	141
1744	141
1745	141
1746	141
1747	141
1748	141
1749	141
1750	140
1751	140
1752	140
1753	140
1754	140
1755	140
1756	139
1757	139
1758	139
1759	139
1760	139
1761	139
1762	139
1763	138
1764	138
1765	138
1766	138
1767	137
1768	137
1769	137
1770	136
1771	136
1772	136
1773	136
1774	136
1775	136
1776	136
1777	135
1778	135
1779	135
1780	135
1781	135
1782	135
1783	135
1784	135
1785	135
1786	135
1787	134
1788	134
1789	134
1790	134
1791	134
1792	133
1793	133
1794	133
1795	133
1796	133
1797	133
1798	133
1799	133
1800	132
1801	132
1802	132
1803	131
1804	131
1805	131
1806	131
1807	131
1808	131
1809	130
1810	130
1811	130
1812	130
1813	130
1814	130
1815	129
1816	129
1817	129
1818	129
1819	129
1820	129
1821	129
1822	129
1823	128
1824	128
1825	128
1826	128
1827	128
1828	128
1829	128
1830	128
1831	128
1832	128
1833	127
1834	127
1835	127
1836	127
1837	127
1838	127
1839	127
1840	127
1841	127
1842	126
1843	126
1844	126
1845	126
1846	126
1847	125
1848	125
1849	124
1850	124
1851	124
1852	124
1853	123
1854	123
1855	123
1856	123
1857	123
1858	122
1859	122
1860	122
1861	122
1862	122
1863	122
1864	121
1865	121
1866	121
1867	121
1868	121
1869	121
1870	121
1871	121
1872	121
1873	121
1874	121
1875	120
1876	120
1877	120
1878	120
1879	119
1880	119
1881	119
1882	119
1883	119
1884	119
1885	119
1886	119
1887	118
1888	118
1889	118
1890	118
1891	118
1892	117
1893	117
1894	117
1895	117
1896	117
1897	117
1898	116
1899	116
1900	116
1901	116
1902	116
1903	116
1904	116
1905	115
1906	115
1907	114
1908	114
1909	114
1910	114
1911	114
1912	113
1913	113
1914	113
1915	113
1916	113
1917	113
1918	113
1919	113
1920	113
1921	112
1922	112
1923	112
1924	112
1925	112
1926	112
1927	112
1928	112
1929	112
1930	111
1931	111
1932	111
1933	111
1934	110
1935	110
1936	110
1937	110
1938	109
1939	109
1940	109
1941	109
1942	109
1943	108
1944	108
1945	108
1946	108
1947	108
1948	108
1949	107
1950	107
1951	107
1952	107
1953	107
1954	107
1955	107
1956	106
1957	106
1958	106
1959	106
1960	106
1961	105
1962	105
1963	105
1964	105
1965	105
1966	105
1967	105
1968	105
1969	105
1970	105
1971	105
1972	104
1973	104
1974	104
1975	104
1976	104
1977	104
1978	104
1979	104
1980	104
1981	103
1982	103
1983	103
1984	103
1985	103
1986	103
1987	103
1988	102
1989	102
1990	102
1991	102
1992	102
1993	102
1994	102
1995	102
1996	102
1997	102
1998	102
1999	101
2000	101
2001	101
2002	101
2003	101
2004	101
2005	101
2006	100
2007	100
2008	100
2009	100
2010	100
2011	100
2012	100
2013	100
2014	100
2015	100
2016	100
2017	100
2018	100
2019	99
2020	99
2021	99
2022	99
2023	99
2024	99
2025	99
2026	98
2027	98
2028	98
2029	98
2030	98
2031	98
2032	98
2033	97
2034	97
2035	97
2036	97
2037	97
2038	97
2039	97
2040	97
2041	97
2042	96
2043	96
2044	96
2045	96
2046	96
2047	96
2048	96
2049	96
2050	95
2051	95
2052	95
2053	95
2054	95
2055	94
2056	94
2057	94
2058	94
2059	94
2060	94
2061	94
2062	94
2063	94
2064	94
2065	93
2066	93
2067	93
2068	93
2069	93
2070	93
2071	93
2072	93
2073	93
2074	93
2075	93
2076	93
2077	92
2078	92
2079	92
2080	92
2081	92
2082	92
2083	92
2084	91
2085	91
2086	91
2087	91
2088	91
2089	91
2090	91
2091	91
2092	91
2093	91
2094	91
2095	91
2096	90
2097	90
2098	90
2099	90
2100	90
2101	90
2102	90
2103	90
2104	89
2105	89
2106	89
2107	89
2108	89
2109	89
2110	89
2111	89
2112	88
2113	88
2114	88
2115	88
2116	88
2117	88
2118	88
2119	88
2120	88
2121	87
2122	87
2123	87
2124	87
2125	87
2126	87
2127	87
2128	87
2129	87
2130	86
2131	86
2132	86
2133	85
2134	85
2135	85
2136	85
2137	85
2138	85
2139	85
2140	85
2141	85
2142	85
2143	84
2144	84
2145	84
2146	84
2147	84
2148	84
2149	84
2150	83
2151	83
2152	83
2153	83
2154	83
2155	83
2156	83
2157	82
2158	82
2159	82
2160	82
2161	82
2162	82
2163	82
2164	82
2165	82
2166	82
2167	82
2168	82
2169	82
2170	82
2171	81
2172	81
2173	81
2174	81
2175	81
2176	81
2177	81
2178	81
2179	81
2180	81
2181	81
2182	81
2183	80
2184	80
2185	79
2186	79
2187	79
2188	79
2189	79
2190	79
2191	79
2192	79
2193	79
2194	79
2195	78
2196	78
2197	78
2198	78
2199	77
2200	77
2201	77
2202	77
2203	77
2204	77
2205	77
2206	77
2207	77
2208	77
2209	77
2210	77
2211	77
2212	77
2213	77
2214	76
2215	76
2216	76
2217	76
2218	76
2219	75
2220	75
2221	75
2222	75
2223	74
2224	74
2225	74
2226	74
2227	74
2228	74
2229	74
2230	74
2231	74
2232	74
2233	74
2234	73
2235	73
2236	73
2237	73
2238	72
2239	72
2240	72
2241	72
2242	72
2243	72
2244	72
2245	72
2246	72
2247	72
2248	72
2249	71
2250	71
2251	71
2252	71
2253	71
2254	71
2255	71
2256	71
2257	71
2258	71
2259	71
2260	71
2261	71
2262	70
2263	70
2264	70
2265	70
2266	70
2267	70
2268	70
2269	70
2270	69
2271	69
2272	69
2273	69
2274	69
2275	69
2276	69
2277	69
2278	69
2279	69
2280	69
2281	69
2282	69
2283	69
2284	69
2285	68
2286	68
2287	68
2288	68
2289	68
2290	68
2291	68
2292	68
2293	68
2294	67
2295	67
2296	67
2297	67
2298	67
2299	67
2300	67
2301	67
2302	67
2303	67
2304	67
2305	66
2306	66
2307	66
2308	66
2309	66
2310	66
2311	66
2312	66
2313	66
2314	66
2315	66
2316	66
2317	66
2318	66
2319	65
2320	65
2321	65
2322	65
2323	65
2324	65
2325	65
2326	65
2327	65
2328	65
2329	64
2330	64
2331	64
2332	64
2333	64
2334	64
2335	64
2336	64
2337	64
2338	64
2339	64
2340	64
2341	63
2342	63
2343	63
2344	63
2345	63
2346	63
2347	63
2348	63
2349	63
2350	63
2351	63
2352	63
2353	62
2354	62
2355	62
2356	62
2357	62
2358	62
2359	62
2360	62
2361	62
2362	62
2363	62
2364	62
2365	62
2366	62
2367	62
2368	61
2369	61
2370	61
2371	61
2372	61
2373	61
2374	61
2375	61
2376	61
2377	61
2378	61
2379	61
2380	61
2381	60
2382	60
2383	60
2384	60
2385	60
2386	60
2387	60
2388	60
2389	60
2390	60
2391	60
2392	59
2393	59
2394	59
2395	59
2396	59
2397	59
2398	59
2399	58
2400	58
2401	58
2402	58
2403	58
2404	58
2405	58
2406	58
2407	58
2408	58
2409	58
2410	58
2411	58
2412	57
2413	57
2414	57
2415	57
2416	57
2417	57
2418	57
2419	57
2420	56
2421	56
2422	56
2423	56
2424	56
2425	56
2426	56
2427	56
2428	55
2429	55
2430	55
2431	55
2432	55
2433	55
2434	55
2435	55
2436	55
2437	55
2438	55
2439	55
2440	54
2441	54
2442	54
2443	54
2444	54
2445	54
2446	54
2447	54
2448	54
2449	54
2450	54
2451	54
2452	54
2453	54
2454	54
2455	54
2456	54
2457	54
2458	53
2459	53
2460	53
2461	53
2462	53
2463	53
2464	53
2465	53
2466	53
2467	53
2468	52
2469	52
2470	52
2471	52
2472	52
2473	52
2474	52
2475	52
2476	52
2477	52
2478	52
2479	52
2480	52
2481	52
2482	52
2483	52
2484	51
2485	51
2486	51
2487	51
2488	51
2489	51
2490	51
2491	51
2492	51
2493	51
2494	51
2495	51
2496	51
2497	51
2498	51
2499	50
2500	50
2501	50
2502	50
2503	50
2504	50
2505	50
2506	50
2507	50
2508	50
2509	50
2510	50
2511	50
2512	50
2513	50
2514	49
2515	49
2516	49
2517	49
2518	49
2519	49
2520	49
2521	49
2522	49
2523	49
2524	49
2525	49
2526	49
2527	49
2528	49
2529	49
2530	48
2531	48
2532	48
2533	48
2534	48
2535	48
2536	48
2537	48
2538	48
2539	48
2540	48
2541	48
2542	48
2543	48
2544	48
2545	48
2546	47
2547	47
2548	47
2549	47
2550	47
2551	47
2552	47
2553	47
2554	47
2555	47
2556	47
2557	47
2558	47
2559	47
2560	47
2561	47
2562	47
2563	46
2564	46
2565	46
2566	46
2567	46
2568	46
2569	46
2570	46
2571	45
2572	45
2573	45
2574	45
2575	45
2576	45
2577	45
2578	45
2579	45
2580	45
2581	45
2582	45
2583	45
2584	44
2585	44
2586	44
2587	44
2588	44
2589	44
2590	44
2591	44
2592	44
2593	44
2594	44
2595	44
2596	44
2597	44
2598	44
2599	43
2600	43
2601	43
2602	43
2603	43
2604	43
2605	43
2606	43
2607	43
2608	43
2609	43
2610	43
2611	43
2612	43
2613	43
2614	43
2615	43
2616	43
2617	43
2618	43
2619	42
2620	42
2621	42
2622	42
2623	42
2624	42
2625	42
2626	42
2627	42
2628	42
2629	42
2630	42
2631	42
2632	42
2633	42
2634	42
2635	42
2636	42
2637	42
2638	42
2639	42
2640	41
2641	41
2642	41
2643	41
2644	41
2645	41
2646	41
2647	41
2648	41
2649	41
2650	41
2651	41
2652	41
2653	40
2654	40
2655	40
2656	40
2657	40
2658	40
2659	40
2660	40
2661	40
2662	40
2663	40
2664	40
2665	40
2666	40
2667	40
2668	40
2669	40
2670	40
2671	40
2672	40
2673	39
2674	39
2675	39
2676	39
2677	39
2678	39
2679	39
2680	39
2681	39
2682	39
2683	39
2684	38
2685	38
2686	38
2687	38
2688	38
2689	38
2690	38
2691	38
2692	38
2693	38
2694	38
2695	38
2696	38
2697	38
2698	37
2699	37
2700	37
2701	37
2702	37
2703	37
2704	37
2705	37
2706	37
2707	37
2708	37
2709	37
2710	37
2711	37
2712	37
2713	37
2714	37
2715	37
2716	37
2717	37
2718	36
2719	36
2720	36
2721	36
2722	36
2723	36
2724	36
2725	36
2726	36
2727	36
2728	36
2729	36
2730	35
2731	35
2732	35
2733	35
2734	35
2735	35
2736	35
2737	35
2738	35
2739	35
2740	35
2741	35
2742	35
2743	35
2744	35
2745	35
2746	35
2747	35
2748	35
2749	34
2750	34
2751	34
2752	34
2753	34
2754	34
2755	34
2756	34
2757	34
2758	34
2759	34
2760	34
2761	33
2762	33
2763	33
2764	33
2765	33
2766	33
2767	33
2768	33
2769	33
2770	33
2771	33
2772	33
2773	33
2774	33
2775	33
2776	33
2777	33
2778	33
2779	33
2780	33
2781	33
2782	33
2783	33
2784	32
2785	32
2786	32
2787	32
2788	32
2789	32
2790	32
2791	32
2792	32
2793	32
2794	32
2795	32
2796	32
2797	32
2798	32
2799	32
2800	32
2801	32
2802	32
2803	32
2804	31
2805	31
2806	31
2807	31
2808	31
2809	31
2810	31
2811	31
2812	31
2813	31
2814	31
2815	31
2816	31
2817	31
2818	30
2819	30
2820	30
2821	30
2822	30
2823	30
2824	30
2825	30
2826	30
2827	30
2828	30
2829	30
2830	30
2831	30
2832	30
2833	30
2834	30
2835	30
2836	29
2837	29
2838	29
2839	29
2840	29
2841	29
2842	29
2843	29
2844	29
2845	29
2846	29
2847	29
2848	29
2849	29
2850	29
2851	29
2852	29
2853	29
2854	29
2855	29
2856	28
2857	28
2858	28
2859	28
2860	28
2861	28
2862	28
2863	28
2864	28
2865	28
2866	28
2867	28
2868	28
2869	28
2870	28
2871	28
2872	28
2873	28
2874	28
2875	28
2876	28
2877	28
2878	28
2879	28
2880	28
2881	28
2882	27
2883	27
2884	27
2885	27
2886	27
2887	27
2888	27
2889	27
2890	27
2891	27
2892	27
2893	27
2894	27
2895	27
2896	27
2897	27
2898	26
2899	26
2900	26
2901	26
2902	26
2903	26
2904	26
2905	26
2906	26
2907	26
2908	26
2909	26
2910	26
2911	26
2912	26
2913	26
2914	26
2915	25
2916	25
2917	25
2918	25
2919	25
2920	25
2921	25
2922	25
2923	25
2924	25
2925	25
2926	25
2927	25
2928	25
2929	25
2930	25
2931	25
2932	25
2933	25
2934	24
2935	24
2936	24
2937	24
2938	24
2939	24
2940	24
2941	24
2942	24
2943	24
2944	24
2945	24
2946	24
2947	24
2948	24
2949	24
2950	24
2951	24
2952	24
2953	24
2954	24
2955	24
2956	24
2957	23
2958	23
2959	23
2960	23
2961	23
2962	23
2963	23
2964	23
2965	23
2966	23
2967	23
2968	23
2969	23
2970	23
2971	23
2972	23
2973	23
2974	23
2975	23
2976	22
2977	22
2978	22
2979	22
2980	22
2981	22
2982	22
2983	22
2984	22
2985	22
2986	22
2987	22
2988	22
2989	22
2990	21
2991	21
2992	21
2993	21
2994	21
2995	21
2996	21
2997	21
2998	21
2999	21
3000	21
3001	21
3002	21
3003	21
3004	21
3005	21
3006	21
3007	21
3008	21
3009	21
3010	21
3011	20
3012	20
3013	20
3014	20
3015	20
3016	20
3017	20
3018	20
3019	20
3020	20
3021	20
3022	20
3023	20
3024	20
3025	20
3026	20
3027	20
3028	20
3029	20
3030	20
3031	20
3032	20
3033	20
3034	20
3035	20
3036	20
3037	20
3038	20
3039	20
3040	20
3041	20
3042	20
3043	19
3044	19
3045	19
3046	19
3047	19
3048	19
3049	19
3050	19
3051	19
3052	19
3053	19
3054	19
3055	19
3056	19
3057	19
3058	19
3059	18
3060	18
3061	18
3062	18
3063	18
3064	18
3065	18
3066	18
3067	18
3068	18
3069	18
3070	18
3071	18
3072	18
3073	18
3074	18
3075	18
3076	18
3077	17
3078	17
3079	17
3080	17
3081	17
3082	17
3083	17
3084	17
3085	17
3086	17
3087	17
3088	17
3089	17
3090	17
3091	17
3092	17
3093	17
3094	17
3095	17
3096	17
3097	17
3098	17
3099	17
3100	17
3101	16
3102	16
3103	16
3104	16
3105	16
3106	16
3107	16
3108	16
3109	16
3110	16
3111	16
3112	16
3113	16
3114	16
3115	15
3116	15
3117	15
3118	15
3119	15
3120	15
3121	15
3122	15
3123	15
3124	15
3125	15
3126	15
3127	15
3128	15
3129	15
3130	15
3131	15
3132	15
3133	15
3134	14
3135	14
3136	14
3137	14
3138	14
3139	14
3140	14
3141	14
3142	14
3143	14
3144	14
3145	14
3146	14
3147	14
3148	14
3149	14
3150	14
3151	14
3152	14
3153	14
3154	13
3155	13
3156	13
3157	13
3158	13
3159	13
3160	13
3161	13
3162	13
3163	13
3164	13
3165	13
3166	13
3167	13
3168	13
3169	13
3170	13
3171	13
3172	13
3173	13
3174	13
3175	13
3176	13
3177	13
3178	13
3179	13
3180	13
3181	13
3182	13
3183	13
3184	12
3185	12
3186	12
3187	12
3188	12
3189	12
3190	12
3191	12
3192	12
3193	12
3194	12
3195	12
3196	12
3197	12
3198	12
3199	12
3200	12
3201	12
3202	12
3203	12
3204	12
3205	12
3206	12
3207	11
3208	11
3209	11
3210	11
3211	11
3212	11
3213	11
3214	11
3215	11
3216	11
3217	11
3218	11
3219	11
3220	11
3221	11
3222	11
3223	11
3224	11
3225	11
3226	11
3227	11
3228	11
3229	11
3230	11
3231	11
3232	11
3233	10
3234	10
3235	10
3236	10
3237	10
3238	10
3239	10
3240	10
3241	10
3242	10
3243	10
3244	10
3245	10
3246	10
3247	10
3248	10
3249	10
3250	10
3251	10
3252	10
3253	10
3254	10
3255	10
3256	10
3257	10
3258	10
3259	10
3260	9
3261	9
3262	9
3263	9
3264	9
3265	9
3266	9
3267	9
3268	9
3269	9
3270	9
3271	9
3272	9
3273	9
3274	9
3275	9
3276	9
3277	9
3278	9
3279	9
3280	9
3281	9
3282	9
3283	9
3284	9
3285	9
3286	8
3287	8
3288	8
3289	8
3290	8
3291	8
3292	8
3293	8
3294	8
3295	8
3296	8
3297	8
3298	8
3299	8
3300	8
3301	8
3302	8
3303	8
3304	8
3305	8
3306	8
3307	8
3308	8
3309	8
3310	8
3311	8
3312	8
3313	8
3314	8
3315	8
3316	8
3317	8
3318	8
3319	7
3320	7
3321	7
3322	7
3323	7
3324	7
3325	7
3326	7
3327	7
3328	7
3329	7
3330	7
3331	7
3332	7
3333	7
3334	7
3335	7
3336	7
3337	7
3338	7
3339	7
3340	7
3341	7
3342	7
3343	7
3344	7
3345	7
3346	7
3347	7
3348	7
3349	7
3350	6
3351	6
3352	6
3353	6
3354	6
3355	6
3356	6
3357	6
3358	6
3359	6
3360	6
3361	6
3362	6
3363	6
3364	6
3365	6
3366	6
3367	6
3368	6
3369	6
3370	6
3371	6
3372	6
3373	6
3374	6
3375	6
3376	6
3377	5
3378	5
3379	5
3380	5
3381	5
3382	5
3383	5
3384	5
3385	5
3386	5
3387	5
3388	5
3389	5
3390	5
3391	5
3392	5
3393	5
3394	5
3395	5
3396	5
3397	5
3398	5
3399	5
3400	5
3401	5
3402	5
3403	5
3404	5
3405	5
3406	5
3407	5
3408	5
3409	5
3410	5
3411	5
3412	5
3413	5
3414	5
3415	5
3416	4
3417	4
3418	4
3419	4
3420	4
3421	4
3422	4
3423	4
3424	4
3425	4
3426	4
3427	4
3428	4
3429	4
3430	4
3431	4
3432	4
3433	4
3434	4
3435	4
3436	4
3437	4
3438	4
3439	4
3440	4
3441	4
3442	4
3443	4
3444	4
3445	4
3446	4
3447	4
3448	4
3449	4
3450	4
3451	4
3452	4
3453	4
3454	4
3455	4
3456	4
3457	4
3458	4
3459	4
3460	4
3461	3
3462	3
3463	3
3464	3
3465	3
3466	3
3467	3
3468	3
3469	3
3470	3
3471	3
3472	3
3473	3
3474	3
3475	3
3476	3
3477	3
3478	3
3479	3
3480	3
3481	3
3482	3
3483	3
3484	3
3485	3
3486	3
3487	3
3488	3
3489	3
3490	3
3491	3
3492	3
3493	3
3494	3
3495	3
3496	3
3497	3
3498	3
3499	3
3500	3
3501	3
3502	3
3503	2
3504	2
3505	2
3506	2
3507	2
3508	2
3509	2
3510	2
3511	2
3512	2
3513	2
3514	2
3515	2
3516	2
3517	2
3518	2
3519	2
3520	2
3521	2
3522	2
3523	2
3524	2
3525	2
3526	2
3527	2
3528	2
3529	2
3530	2
3531	2
3532	2
3533	2
3534	2
3535	2
3536	2
3537	2
3538	2
3539	2
3540	2
3541	2
3542	2
3543	2
3544	2
3545	2
3546	2
3547	2
3548	2
3549	2
3550	2
3551	2
3552	2
3553	2
3554	2
3555	2
3556	2
3557	2
3558	2
3559	2
3560	2
3561	2
3562	2
3563	2
3564	2
3565	2
3566	2
3567	2
3568	2
3569	2
3570	2
3571	2
3572	2
3573	2
3574	2
3575	2
3576	2
3577	2
3578	2
3579	2
3580	2
3581	2
3582	2
3583	2
3584	2
3585	2
3586	2
3587	2
3588	2
3589	2
3590	2
3591	2
3592	1
3593	1
3594	1
3595	1
3596	1
3597	1
3598	1
3599	1
3600	1
3601	1
3602	1
3603	1
3604	1
3605	1
3606	1
3607	1
3608	1
3609	1
3610	1
3611	1
3612	1
3613	1
3614	1
3615	1
3616	1
3617	1
3618	1
3619	1
3620	1
3621	1
3622	1
3623	1
3624	1
3625	1
3626	1
3627	1
3628	1
3629	1
3630	1
3631	1
3632	1
3633	1
3634	1
3635	1
3636	1
3637	1
3638	1
3639	1
3640	1
3641	1
3642	1
3643	1
3644	1
3645	1
3646	1
3647	1
3648	1
3649	1
3650	1
3651	1
3652	1
3653	1
3654	1
3655	1
3656	1
3657	1
3658	1
3659	1
3660	1
3661	1
3662	1
3663	1
3664	1
3665	1
3666	1
3667	1
3668	1
3669	1
3670	1
3671	1
3672	1
3673	1
3674	1
3675	1
3676	1
3677	1
3678	1
3679	1
3680	1
3681	1
3682	1
3683	1
3684	1
3685	1
3686	1
3687	1
3688	1
3689	1
3690	1
3691	1
3692	1
3693	1
3694	1
3695	1
3696	1
3697	1
3698	1
3699	1
3700	1
3701	1
3702	1
3703	1
3704	1
3705	1